[-49.5,0,3.243382044e+19,3.141592654e+00]
[-48.5,0,1.218316620e+19,3.141592654e+00]
[-47.5,0,4.578416733e+18,3.141592654e+00]
[-46.5,0,1.721361105e+18,3.141592654e+00]
[-45.5,0,6.474990754e+17,3.141592654e+00]
[-44.5,0,2.436836686e+17,3.141592654e+00]
[-43.5,0,9.175802926e+16,3.141592654e+00]
[-42.5,0,3.457029830e+16,3.141592654e+00]
[-41.5,0,1.303212985e+16,3.141592654e+00]
[-40.5,0,4.915793268e+15,3.141592654e+00]
[-39.5,0,1.855459440e+15,3.141592654e+00]
[-38.5,0,7.008155903e+14,3.141592654e+00]
[-37.5,0,2.648905585e+14,3.141592654e+00]
[-36.5,0,1.001975223e+14,3.141592654e+00]
[-35.5,0,3.793098388e+13,3.141592654e+00]
[-34.5,0,1.437137678e+13,3.141592654e+00]
[-33.5,0,5.449945874e+12,3.141592654e+00]
[-32.5,0,2.068712191e+12,3.141592654e+00]
[-31.5,0,7.860477962e+11,3.141592654e+00]
[-30.5,0,2.989981356e+11,3.141592654e+00]
[-29.5,0,1.138653032e+11,3.141592654e+00]
[-28.5,0,4.341642388e+10,3.141592654e+00]
[-27.5,0,1.657665182e+10,3.141592654e+00]
[-26.5,0,6.338184227e+09,3.141592654e+00]
[-25.5,0,2.427218339e+09,3.141592654e+00]
[-24.5,0,9.310776569e+08,3.141592654e+00]
[-23.5,0,3.578168504e+08,3.141592654e+00]
[-22.5,0,1.377867001e+08,3.141592654e+00]
[-21.5,0,5.317531688e+07,3.141592654e+00]
[-20.5,0,2.057154521e+07,3.141592654e+00]
[-19.5,0,7.979791986e+06,3.141592654e+00]
[-18.5,0,3.104685777e+06,3.141592654e+00]
[-17.5,0,1.212002688e+06,3.141592654e+00]
[-16.5,0,4.749407019e+05,3.141592654e+00]
[-15.5,0,1.869201266e+05,3.141592654e+00]
[-14.5,0,7.393308610e+04,3.141592654e+00]
[-13.5,0,2.941347954e+04,3.141592654e+00]
[-12.5,0,1.178255879e+04,3.141592654e+00]
[-11.5,0,4.759099880e+03,3.141592654e+00]
[-10.5,0,1.941868731e+03,3.141592654e+00]
[-9.5,0,8.025141997e+02,3.141592654e+00]
[-8.5,0,3.371318899e+02,3.141592654e+00]
[-7.5,0,1.446941662e+02,3.141592654e+00]
[-6.5,0,6.387350840e+01,3.141592654e+00]
[-5.5,0,2.923243666e+01,3.141592654e+00]
[-4.5,0,1.396581165e+01,3.141592654e+00]
[-3.5,0,6.959191928e+00,3.141592654e+00]
[-2.5,0,3.524425488e+00,3.141592654e+00]
[-1.5,0,1.600632933e+00,3.141592654e+00]
[-0.5,0,-5.277684496e-02,3.141592654e+00]
[0.5,0,-5.277684496e-02,0.000000000e+00]
[1.5,0,1.600632933e+00,0.000000000e+00]
[2.5,0,3.524425488e+00,0.000000000e+00]
[3.5,0,6.959191928e+00,0.000000000e+00]
[4.5,0,1.396581165e+01,0.000000000e+00]
[5.5,0,2.923243666e+01,0.000000000e+00]
[6.5,0,6.387350840e+01,0.000000000e+00]
[7.5,0,1.446941662e+02,0.000000000e+00]
[8.5,0,3.371318899e+02,0.000000000e+00]
[9.5,0,8.025141997e+02,0.000000000e+00]
[10.5,0,1.941868731e+03,0.000000000e+00]
[11.5,0,4.759099880e+03,0.000000000e+00]
[12.5,0,1.178255879e+04,0.000000000e+00]
[13.5,0,2.941347954e+04,0.000000000e+00]
[14.5,0,7.393308610e+04,0.000000000e+00]
[15.5,0,1.869201266e+05,0.000000000e+00]
[16.5,0,4.749407019e+05,0.000000000e+00]
[17.5,0,1.212002688e+06,0.000000000e+00]
[18.5,0,3.104685777e+06,0.000000000e+00]
[19.5,0,7.979791986e+06,0.000000000e+00]
[20.5,0,2.057154521e+07,0.000000000e+00]
[21.5,0,5.317531688e+07,0.000000000e+00]
[22.5,0,1.377867001e+08,0.000000000e+00]
[23.5,0,3.578168504e+08,0.000000000e+00]
[24.5,0,9.310776569e+08,0.000000000e+00]
[25.5,0,2.427218339e+09,0.000000000e+00]
[26.5,0,6.338184227e+09,0.000000000e+00]
[27.5,0,1.657665182e+10,0.000000000e+00]
[28.5,0,4.341642388e+10,0.000000000e+00]
[29.5,0,1.138653032e+11,0.000000000e+00]
[30.5,0,2.989981356e+11,0.000000000e+00]
[31.5,0,7.860477962e+11,0.000000000e+00]
[32.5,0,2.068712191e+12,0.000000000e+00]
[33.5,0,5.449945874e+12,0.000000000e+00]
[34.5,0,1.437137678e+13,0.000000000e+00]
[35.5,0,3.793098388e+13,0.000000000e+00]
[36.5,0,1.001975223e+14,0.000000000e+00]
[37.5,0,2.648905585e+14,0.000000000e+00]
[38.5,0,7.008155903e+14,0.000000000e+00]
[39.5,0,1.855459440e+15,0.000000000e+00]
[40.5,0,4.915793268e+15,0.000000000e+00]
[41.5,0,1.303212985e+16,0.000000000e+00]
[42.5,0,3.457029830e+16,0.000000000e+00]
[43.5,0,9.175802926e+16,0.000000000e+00]
[44.5,0,2.436836686e+17,0.000000000e+00]
[45.5,0,6.474990754e+17,0.000000000e+00]
[46.5,0,1.721361105e+18,0.000000000e+00]
[47.5,0,4.578416733e+18,0.000000000e+00]
[48.5,0,1.218316620e+19,0.000000000e+00]
[49.5,0,3.243382044e+19,0.000000000e+00]
[0,-49.5,-1.427986614e-02,-1.570796327e+00]
[0,-48.5,-2.012989085e-02,-1.570796327e+00]
[0,-47.5,-7.314779495e-03,-1.570796327e+00]
[0,-46.5,1.292613366e-02,-1.570796327e+00]
[0,-45.5,2.190041069e-02,-1.570796327e+00]
[0,-44.5,1.067235749e-02,-1.570796327e+00]
[0,-43.5,-1.111794687e-02,-1.570796327e+00]
[0,-42.5,-2.346031912e-02,-1.570796327e+00]
[0,-41.5,-1.428609440e-02,-1.570796327e+00]
[0,-40.5,8.813200876e-03,-1.570796327e+00]
[0,-39.5,2.476351223e-02,-1.570796327e+00]
[0,-38.5,1.815600055e-02,-1.570796327e+00]
[0,-37.5,-5.961324055e-03,-1.570796327e+00]
[0,-36.5,-2.575990760e-02,-1.570796327e+00]
[0,-35.5,-2.228921592e-02,-1.570796327e+00]
[0,-34.5,2.498142011e-03,-1.570796327e+00]
[0,-33.5,2.639356487e-02,-1.570796327e+00]
[0,-32.5,2.670473340e-02,-1.570796327e+00]
[0,-31.5,1.662249660e-03,-1.570796327e+00]
[0,-30.5,-2.659955008e-02,-1.570796327e+00]
[0,-29.5,-3.144089759e-02,-1.570796327e+00]
[0,-28.5,-6.640742423e-03,-1.570796327e+00]
[0,-27.5,2.629868642e-02,-1.570796327e+00]
[0,-26.5,3.656792037e-02,-1.570796327e+00]
[0,-25.5,1.261571938e-02,-1.570796327e+00]
[0,-24.5,-2.538859917e-02,-1.570796327e+00]
[0,-23.5,-4.221001971e-02,-1.570796327e+00]
[0,-22.5,-1.986323001e-02,-1.570796327e+00]
[0,-21.5,2.372793904e-02,-1.570796327e+00]
[0,-20.5,4.858735724e-02,-1.570796327e+00]
[0,-19.5,2.883336929e-02,-1.570796327e+00]
[0,-18.5,-2.110732949e-02,-1.570796327e+00]
[0,-17.5,-5.610235924e-02,-1.570796327e+00]
[0,-16.5,-4.030750522e-02,-1.570796327e+00]
[0,-15.5,1.719280041e-02,-1.570796327e+00]
[0,-14.5,6.553698613e-02,-1.570796327e+00]
[0,-13.5,5.575703865e-02,-1.570796327e+00]
[0,-12.5,-1.140834960e-02,-1.570796327e+00]
[0,-11.5,-7.857046241e-02,-1.570796327e+00]
[0,-10.5,-7.828403596e-02,-1.570796327e+00]
[0,-9.5,2.678058836e-03,-1.570796327e+00]
[0,-8.5,9.943135857e-02,-1.570796327e+00]
[0,-7.5,1.156332032e-01,-1.570796327e+00]
[0,-6.5,1.110151951e-02,-1.570796327e+00]
[0,-5.5,-1.420529476e-01,-1.570796327e+00]
[0,-4.5,-1.934911221e-01,-1.570796327e+00]
[0,-3.5,-3.212854851e-02,-1.570796327e+00]
[0,-2.5,2.858711964e-01,-1.570796327e+00]
[0,-1.5,4.703563172e-01,-1.570796327e+00]
[0,-0.5,-1.777840788e-01,-1.570796327e+00]
[0,0.5,-1.777840788e-01,1.570796327e+00]
[0,1.5,4.703563172e-01,1.570796327e+00]
[0,2.5,2.858711964e-01,1.570796327e+00]
[0,3.5,-3.212854851e-02,1.570796327e+00]
[0,4.5,-1.934911221e-01,1.570796327e+00]
[0,5.5,-1.420529476e-01,1.570796327e+00]
[0,6.5,1.110151951e-02,1.570796327e+00]
[0,7.5,1.156332032e-01,1.570796327e+00]
[0,8.5,9.943135857e-02,1.570796327e+00]
[0,9.5,2.678058836e-03,1.570796327e+00]
[0,10.5,-7.828403596e-02,1.570796327e+00]
[0,11.5,-7.857046241e-02,1.570796327e+00]
[0,12.5,-1.140834960e-02,1.570796327e+00]
[0,13.5,5.575703865e-02,1.570796327e+00]
[0,14.5,6.553698613e-02,1.570796327e+00]
[0,15.5,1.719280041e-02,1.570796327e+00]
[0,16.5,-4.030750522e-02,1.570796327e+00]
[0,17.5,-5.610235924e-02,1.570796327e+00]
[0,18.5,-2.110732949e-02,1.570796327e+00]
[0,19.5,2.883336929e-02,1.570796327e+00]
[0,20.5,4.858735724e-02,1.570796327e+00]
[0,21.5,2.372793904e-02,1.570796327e+00]
[0,22.5,-1.986323001e-02,1.570796327e+00]
[0,23.5,-4.221001971e-02,1.570796327e+00]
[0,24.5,-2.538859917e-02,1.570796327e+00]
[0,25.5,1.261571938e-02,1.570796327e+00]
[0,26.5,3.656792037e-02,1.570796327e+00]
[0,27.5,2.629868642e-02,1.570796327e+00]
[0,28.5,-6.640742423e-03,1.570796327e+00]
[0,29.5,-3.144089759e-02,1.570796327e+00]
[0,30.5,-2.659955008e-02,1.570796327e+00]
[0,31.5,1.662249660e-03,1.570796327e+00]
[0,32.5,2.670473340e-02,1.570796327e+00]
[0,33.5,2.639356487e-02,1.570796327e+00]
[0,34.5,2.498142011e-03,1.570796327e+00]
[0,35.5,-2.228921592e-02,1.570796327e+00]
[0,36.5,-2.575990760e-02,1.570796327e+00]
[0,37.5,-5.961324055e-03,1.570796327e+00]
[0,38.5,1.815600055e-02,1.570796327e+00]
[0,39.5,2.476351223e-02,1.570796327e+00]
[0,40.5,8.813200876e-03,1.570796327e+00]
[0,41.5,-1.428609440e-02,1.570796327e+00]
[0,42.5,-2.346031912e-02,1.570796327e+00]
[0,43.5,-1.111794687e-02,1.570796327e+00]
[0,44.5,1.067235749e-02,1.570796327e+00]
[0,45.5,2.190041069e-02,1.570796327e+00]
[0,46.5,1.292613366e-02,1.570796327e+00]
[0,47.5,-7.314779495e-03,1.570796327e+00]
[0,48.5,-2.012989085e-02,1.570796327e+00]
[0,49.5,-1.427986614e-02,1.570796327e+00]
