[-49.5,0,-6.772619882e+19,-3.848843700e+03]
[-48.5,0,-2.546435667e+19,-3.694905660e+03]
[-47.5,0,-9.579008994e+18,-3.544109212e+03]
[-46.5,0,-3.605205737e+18,-3.396454358e+03]
[-45.5,0,-1.357599130e+18,-3.251941096e+03]
[-44.5,0,-5.115125048e+17,-3.110569426e+03]
[-43.5,0,-1.928395817e+17,-2.972339349e+03]
[-42.5,0,-7.274518617e+16,-2.837250865e+03]
[-41.5,0,-2.745961466e+16,-2.705303974e+03]
[-40.5,0,-1.037246046e+16,-2.576498675e+03]
[-39.5,0,-3.920871663e+15,-2.450834969e+03]
[-38.5,0,-1.483251063e+15,-2.328312855e+03]
[-37.5,0,-5.615613108e+14,-2.208932335e+03]
[-36.5,0,-2.127899799e+14,-2.092693406e+03]
[-35.5,0,-8.070484939e+13,-1.979596071e+03]
[-34.5,0,-3.063851797e+13,-1.869640328e+03]
[-33.5,0,-1.164349239e+13,-1.762826178e+03]
[-32.5,0,-4.429724898e+12,-1.659153620e+03]
[-31.5,0,-1.687260414e+12,-1.558622655e+03]
[-30.5,0,-6.434829180e+11,-1.461233283e+03]
[-29.5,0,-2.457443447e+11,-1.366985503e+03]
[-28.5,0,-9.398722253e+10,-1.275879316e+03]
[-27.5,0,-3.600360884e+10,-1.187914722e+03]
[-26.5,0,-1.381578077e+10,-1.103091720e+03]
[-25.5,0,-5.311604103e+09,-1.021410311e+03]
[-24.5,0,-2.046330033e+09,-9.428704952e+02]
[-23.5,0,-7.901628306e+08,-8.674722715e+02]
[-22.5,0,-3.058827094e+08,-7.952156404e+02]
[-21.5,0,-1.187452478e+08,-7.261006021e+02]
[-20.5,0,-4.624346602e+07,-6.601271563e+02]
[-19.5,0,-1.807335069e+07,-5.972953033e+02]
[-18.5,0,-7.092576690e+06,-5.376050428e+02]
[-17.5,0,-2.796567494e+06,-4.810563751e+02]
[-16.5,0,-1.108811092e+06,-4.276493000e+02]
[-15.5,0,-4.425479906e+05,-3.773838175e+02]
[-14.5,0,-1.780470611e+05,-3.302599277e+02]
[-13.5,0,-7.233796507e+04,-2.862776306e+02]
[-12.5,0,-2.974812759e+04,-2.454369261e+02]
[-11.5,0,-1.241739033e+04,-2.077378142e+02]
[-10.5,0,-5.276887399e+03,-1.731802950e+02]
[-9.5,0,-2.288340994e+03,-1.417643685e+02]
[-8.5,0,-1.012627838e+03,-1.134900346e+02]
[-7.5,0,-4.548684379e+02,-8.835729338e+01]
[-6.5,0,-2.043789035e+02,-6.636614481e+01]
[-5.5,0,-8.904212317e+01,-4.751658889e+01]
[-4.5,0,-3.528156799e+01,-3.180862562e+01]
[-3.5,0,-1.078302631e+01,-1.924225500e+01]
[-2.5,0,-7.861539893e-01,-9.817477042e+00]
[-1.5,0,1.888165208e+00,-3.534291735e+00]
[-0.5,0,1.179763465e+00,-3.926990817e-01]
[0.5,0,2.216043643e-01,0.000000000e+00]
[1.5,0,5.673949017e-02,0.000000000e+00]
[2.5,0,1.629536938e-02,0.000000000e+00]
[3.5,0,4.945377350e-03,0.000000000e+00]
[4.5,0,1.552438700e-03,0.000000000e+00]
[5.5,0,4.987707677e-04,0.000000000e+00]
[6.5,0,1.629981563e-04,0.000000000e+00]
[7.5,0,5.396967016e-05,0.000000000e+00]
[8.5,0,1.805661391e-05,0.000000000e+00]
[9.5,0,6.092680971e-06,0.000000000e+00]
[10.5,0,2.070367478e-06,0.000000000e+00]
[11.5,0,7.077513533e-07,0.000000000e+00]
[12.5,0,2.431860106e-07,0.000000000e+00]
[13.5,0,8.393172802e-08,0.000000000e+00]
[14.5,0,2.908065606e-08,0.000000000e+00]
[15.5,0,1.011057419e-08,0.000000000e+00]
[16.5,0,3.525956802e-09,0.000000000e+00]
[17.5,0,1.233018302e-09,0.000000000e+00]
[18.5,0,4.322508998e-10,0.000000000e+00]
[19.5,0,1.518711643e-10,0.000000000e+00]
[20.5,0,5.346882252e-11,0.000000000e+00]
[21.5,0,1.885975013e-11,0.000000000e+00]
[22.5,0,6.663690325e-12,0.000000000e+00]
[23.5,0,2.358189398e-12,0.000000000e+00]
[24.5,0,8.357486861e-13,0.000000000e+00]
[25.5,0,2.965921904e-13,0.000000000e+00]
[26.5,0,1.053875841e-13,0.000000000e+00]
[27.5,0,3.749107358e-14,0.000000000e+00]
[28.5,0,1.335185545e-14,0.000000000e+00]
[29.5,0,4.759929316e-15,0.000000000e+00]
[30.5,0,1.698545320e-15,0.000000000e+00]
[31.5,0,6.066617404e-16,0.000000000e+00]
[32.5,0,2.168633478e-16,0.000000000e+00]
[33.5,0,7.758450108e-17,0.000000000e+00]
[34.5,0,2.777755023e-17,0.000000000e+00]
[35.5,0,9.952346599e-18,0.000000000e+00]
[36.5,0,3.568234760e-18,0.000000000e+00]
[37.5,0,1.280155573e-18,0.000000000e+00]
[38.5,0,4.595572523e-19,0.000000000e+00]
[39.5,0,1.650711506e-19,0.000000000e+00]
[40.5,0,5.932605390e-20,0.000000000e+00]
[41.5,0,2.133297115e-20,0.000000000e+00]
[42.5,0,7.675001208e-21,0.000000000e+00]
[43.5,0,2.762594144e-21,0.000000000e+00]
[44.5,0,9.948513178e-22,0.000000000e+00]
[45.5,0,3.584208236e-22,0.000000000e+00]
[46.5,0,1.291856504e-22,0.000000000e+00]
[47.5,0,4.658153742e-23,0.000000000e+00]
[48.5,0,1.680292211e-23,0.000000000e+00]
[49.5,0,6.063461561e-24,0.000000000e+00]
[0,-49.5,1.480568368e-02,1.365460929e-02]
[0,-48.5,1.988245680e-02,-5.209567947e-03]
[0,-47.5,6.466216876e-03,-1.996240278e-02]
[0,-46.5,-1.361043324e-02,-1.655528660e-02]
[0,-45.5,-2.174546056e-02,2.593029362e-03]
[0,-44.5,-9.751206220e-03,2.015288000e-02]
[0,-43.5,1.198589093e-02,1.951134856e-02]
[0,-42.5,2.342933838e-02,4.295319606e-04]
[0,-41.5,1.329814505e-02,-1.997081528e-02]
[0,-40.5,-9.894708015e-03,-2.250095176e-02]
[0,-39.5,-2.489623772e-02,-3.881548385e-03]
[0,-38.5,-1.711034664e-02,1.937027715e-02]
[0,-37.5,7.292837683e-03,2.550518420e-02]
[0,-36.5,2.610746005e-02,7.795084043e-03]
[0,-35.5,2.119951331e-02,-1.829945738e-02]
[0,-34.5,-4.125346735e-03,-2.851031431e-02]
[0,-33.5,-2.702327620e-02,-1.221632277e-02]
[0,-32.5,-2.559113331e-02,1.669730146e-02]
[0,-31.5,3.198889596e-04,3.151127253e-02]
[0,-30.5,2.760266041e-02,1.721419609e-02]
[0,-29.5,3.033310310e-02,-1.448822309e-02]
[0,-28.5,4.223718326e-03,-3.451739199e-02]
[0,-27.5,-2.780311586e-02,-2.289444822e-02]
[0,-26.5,-3.551017189e-02,1.157370586e-02]
[0,-25.5,-9.650693906e-03,3.756252031e-02]
[0,-24.5,2.758116262e-02,2.942358973e-02]
[0,-23.5,4.126949029e-02,-7.818703012e-03]
[0,-22.5,1.618084853e-02,-4.072411759e-02]
[0,-21.5,-2.689523739e-02,-3.707187735e-02]
[0,-20.5,-4.786873538e-02,3.029142935e-03]
[0,-19.5,-2.416190940e-02,4.416219610e-02]
[0,-18.5,2.571640880e-02,4.629538713e-02]
[0,-17.5,5.577377075e-02,3.085840704e-03]
[0,-16.5,3.417139835e-02,-4.820603261e-02]
[0,-15.5,-2.406456748e-02,-5.790496494e-02]
[0,-14.5,-6.587561946e-02,-1.097638557e-02]
[0,-13.5,-4.722440031e-02,5.356902393e-02]
[0,-12.5,2.213368591e-02,7.344747522e-02]
[0,-11.5,8.003055687e-02,2.134083662e-02]
[0,-10.5,6.522679351e-02,-6.195857549e-02]
[0,-9.5,-2.077085095e-02,-9.616922833e-02]
[0,-8.5,-1.026183515e-01,-3.512911286e-02]
[0,-7.5,-9.199841292e-02,7.815379694e-02]
[0,-6.5,2.367345133e-02,1.338014216e-01]
[0,-5.5,1.460199507e-01,5.222887280e-02]
[0,-4.5,1.349472538e-01,-1.191967208e-01]
[0,-3.5,-5.114505483e-02,-2.074252514e-01]
[0,-2.5,-2.553144993e-01,-5.305642660e-02]
[0,-1.5,-1.836017823e-01,2.749234995e-01]
[0,-0.5,2.967118864e-01,3.243972962e-01]
[0,0.5,2.967118864e-01,-3.243972962e-01]
[0,1.5,-1.836017823e-01,-2.749234995e-01]
[0,2.5,-2.553144993e-01,5.305642660e-02]
[0,3.5,-5.114505483e-02,2.074252514e-01]
[0,4.5,1.349472538e-01,1.191967208e-01]
[0,5.5,1.460199507e-01,-5.222887280e-02]
[0,6.5,2.367345133e-02,-1.338014216e-01]
[0,7.5,-9.199841292e-02,-7.815379694e-02]
[0,8.5,-1.026183515e-01,3.512911286e-02]
[0,9.5,-2.077085095e-02,9.616922833e-02]
[0,10.5,6.522679351e-02,6.195857549e-02]
[0,11.5,8.003055687e-02,-2.134083662e-02]
[0,12.5,2.213368591e-02,-7.344747522e-02]
[0,13.5,-4.722440031e-02,-5.356902393e-02]
[0,14.5,-6.587561946e-02,1.097638557e-02]
[0,15.5,-2.406456748e-02,5.790496494e-02]
[0,16.5,3.417139835e-02,4.820603261e-02]
[0,17.5,5.577377075e-02,-3.085840704e-03]
[0,18.5,2.571640880e-02,-4.629538713e-02]
[0,19.5,-2.416190940e-02,-4.416219610e-02]
[0,20.5,-4.786873538e-02,-3.029142935e-03]
[0,21.5,-2.689523739e-02,3.707187735e-02]
[0,22.5,1.618084853e-02,4.072411759e-02]
[0,23.5,4.126949029e-02,7.818703012e-03]
[0,24.5,2.758116262e-02,-2.942358973e-02]
[0,25.5,-9.650693906e-03,-3.756252031e-02]
[0,26.5,-3.551017189e-02,-1.157370586e-02]
[0,27.5,-2.780311586e-02,2.289444822e-02]
[0,28.5,4.223718326e-03,3.451739199e-02]
[0,29.5,3.033310310e-02,1.448822309e-02]
[0,30.5,2.760266041e-02,-1.721419609e-02]
[0,31.5,3.198889596e-04,-3.151127253e-02]
[0,32.5,-2.559113331e-02,-1.669730146e-02]
[0,33.5,-2.702327620e-02,1.221632277e-02]
[0,34.5,-4.125346735e-03,2.851031431e-02]
[0,35.5,2.119951331e-02,1.829945738e-02]
[0,36.5,2.610746005e-02,-7.795084043e-03]
[0,37.5,7.292837683e-03,-2.550518420e-02]
[0,38.5,-1.711034664e-02,-1.937027715e-02]
[0,39.5,-2.489623772e-02,3.881548385e-03]
[0,40.5,-9.894708015e-03,2.250095176e-02]
[0,41.5,1.329814505e-02,1.997081528e-02]
[0,42.5,2.342933838e-02,-4.295319606e-04]
[0,43.5,1.198589093e-02,-1.951134856e-02]
[0,44.5,-9.751206220e-03,-2.015288000e-02]
[0,45.5,-2.174546056e-02,-2.593029362e-03]
[0,46.5,-1.361043324e-02,1.655528660e-02]
[0,47.5,6.466216876e-03,1.996240278e-02]
[0,48.5,1.988245680e-02,5.209567947e-03]
[0,49.5,1.480568368e-02,-1.365460929e-02]
