[-49.5,0,-6.626535883e+19,-1.555088364e+02]
[-48.5,0,-2.490294615e+19,-1.523672437e+02]
[-47.5,0,-9.363043456e+18,-1.492256510e+02]
[-46.5,0,-3.522041984e+18,-1.460840584e+02]
[-45.5,0,-1.325540089e+18,-1.429424657e+02]
[-44.5,0,-4.991400333e+17,-1.398008731e+02]
[-43.5,0,-1.880590496e+17,-1.366592804e+02]
[-42.5,0,-7.089576386e+16,-1.335176878e+02]
[-41.5,0,-2.674320017e+16,-1.303760951e+02]
[-40.5,0,-1.009455845e+16,-1.272345025e+02]
[-39.5,0,-3.812914544e+15,-1.240929098e+02]
[-38.5,0,-1.441248167e+15,-1.209513172e+02]
[-37.5,0,-5.451925847e+14,-1.178097245e+02]
[-36.5,0,-2.063999757e+14,-1.146681319e+02]
[-35.5,0,-7.820574122e+13,-1.115265392e+02]
[-34.5,0,-2.965921222e+13,-1.083849465e+02]
[-33.5,0,-1.125893792e+13,-1.052433539e+02]
[-32.5,0,-4.278380365e+12,-1.021017612e+02]
[-31.5,0,-1.627554830e+12,-9.896016859e+01]
[-30.5,0,-6.198683209e+11,-9.581857593e+01]
[-29.5,0,-2.363784125e+11,-9.267698328e+01]
[-28.5,0,-9.026137649e+10,-8.953539063e+01]
[-27.5,0,-3.451659887e+10,-8.639379797e+01]
[-26.5,0,-1.322019366e+10,-8.325220532e+01]
[-25.5,0,-5.072126170e+09,-8.011061267e+01]
[-24.5,0,-1.949626088e+09,-7.696902001e+01]
[-23.5,0,-7.509272503e+08,-7.382742736e+01]
[-22.5,0,-2.898794436e+08,-7.068583471e+01]
[-21.5,0,-1.121790721e+08,-6.754424205e+01]
[-20.5,0,-4.353117607e+07,-6.440264940e+01]
[-19.5,0,-1.694432141e+07,-6.126105675e+01]
[-18.5,0,-6.618386007e+06,-5.811946409e+01]
[-17.5,0,-2.595309679e+06,-5.497787144e+01]
[-16.5,0,-1.022323734e+06,-5.183627878e+01]
[-15.5,0,-4.048254489e+05,-4.869468613e+01]
[-14.5,0,-1.613002335e+05,-4.555309348e+01]
[-13.5,0,-6.474757778e+04,-4.241150082e+01]
[-12.5,0,-2.622668334e+04,-3.926990817e+01]
[-11.5,0,-1.074352623e+04,-3.612831552e+01]
[-10.5,0,-4.463740712e+03,-3.298672286e+01]
[-9.5,0,-1.888043033e+03,-2.984513021e+01]
[-8.5,0,-8.164734726e+02,-2.670353756e+01]
[-7.5,0,-3.623705720e+02,-2.356194490e+01]
[-6.5,0,-1.652152985e+02,-2.042035225e+01]
[-5.5,0,-7.686839611e+01,-1.727875959e+01]
[-4.5,0,-3.568450384e+01,-1.413716694e+01]
[-3.5,0,-1.562328702e+01,-1.099557429e+01]
[-2.5,0,-5.501920776e+00,-7.853981634e+00]
[-1.5,0,-4.702391034e-01,-4.712388980e+00]
[-0.5,0,1.421611318e+00,-1.570796327e+00]
[0.5,0,3.266438623e-01,0.000000000e+00]
[1.5,0,7.310078654e-02,0.000000000e+00]
[2.5,0,1.979770395e-02,0.000000000e+00]
[3.5,0,5.801893921e-03,0.000000000e+00]
[4.5,0,1.778693142e-03,0.000000000e+00]
[5.5,0,5.616781642e-04,0.000000000e+00]
[6.5,0,1.811450585e-04,0.000000000e+00]
[7.5,0,5.935267064e-05,0.000000000e+00]
[8.5,0,1.968884014e-05,0.000000000e+00]
[9.5,0,6.596470310e-06,0.000000000e+00]
[10.5,0,2.228163276e-06,0.000000000e+00]
[11.5,0,7.577905124e-07,0.000000000e+00]
[12.5,0,2.592224921e-07,0.000000000e+00]
[13.5,0,8.911819484e-08,0.000000000e+00]
[14.5,0,3.077147244e-08,0.000000000e+00]
[15.5,0,1.066567664e-08,0.000000000e+00]
[16.5,0,3.709340616e-09,0.000000000e+00]
[17.5,0,1.293940283e-09,0.000000000e+00]
[18.5,0,4.525917763e-10,0.000000000e+00]
[19.5,0,1.586936149e-10,0.000000000e+00]
[20.5,0,5.576659616e-11,0.000000000e+00]
[21.5,0,1.963655989e-11,0.000000000e+00]
[22.5,0,6.927218294e-12,0.000000000e+00]
[23.5,0,2.447875210e-12,0.000000000e+00]
[24.5,0,8.663612687e-13,0.000000000e+00]
[25.5,0,3.070697794e-13,0.000000000e+00]
[26.5,0,1.089827913e-13,0.000000000e+00]
[27.5,0,3.872762567e-14,0.000000000e+00]
[28.5,0,1.377810017e-14,0.000000000e+00]
[29.5,0,4.907161413e-15,0.000000000e+00]
[30.5,0,1.749500383e-15,0.000000000e+00]
[31.5,0,6.243287503e-16,0.000000000e+00]
[32.5,0,2.229993228e-16,0.000000000e+00]
[33.5,0,7.971905328e-17,0.000000000e+00]
[34.5,0,2.852124380e-17,0.000000000e+00]
[35.5,0,1.021183013e-17,0.000000000e+00]
[36.5,0,3.658895938e-18,0.000000000e+00]
[37.5,0,1.311873038e-18,0.000000000e+00]
[38.5,0,4.706672293e-19,0.000000000e+00]
[39.5,0,1.689673348e-19,0.000000000e+00]
[40.5,0,6.069395065e-20,0.000000000e+00]
[41.5,0,2.181373550e-20,0.000000000e+00]
[42.5,0,7.844144724e-21,0.000000000e+00]
[43.5,0,2.822160783e-21,0.000000000e+00]
[44.5,0,1.015848316e-21,0.000000000e+00]
[45.5,0,3.658288172e-22,0.000000000e+00]
[46.5,0,1.318015267e-22,0.000000000e+00]
[47.5,0,4.750600553e-23,0.000000000e+00]
[48.5,0,1.712989417e-23,0.000000000e+00]
[49.5,0,6.179195291e-24,0.000000000e+00]
[0,-49.5,1.454937723e-02,1.396841993e-02]
[0,-48.5,2.001421243e-02,-4.808732335e-03]
[0,-47.5,6.892221970e-03,-1.985332311e-02]
[0,-46.5,-1.327542274e-02,-1.686863066e-02]
[0,-45.5,-2.183307283e-02,2.122185876e-03]
[0,-44.5,-1.021527096e-02,1.996540921e-02]
[0,-43.5,1.155949915e-02,1.981517300e-02]
[0,-42.5,2.345754275e-02,9.770593539e-04]
[0,-41.5,1.379803668e-02,-1.968723528e-02]
[0,-40.5,-9.361804454e-03,-2.278345864e-02]
[0,-39.5,-2.484578614e-02,-4.513277444e-03]
[0,-38.5,-1.764244256e-02,1.896857151e-02]
[0,-37.5,6.634911148e-03,2.575085241e-02]
[0,-36.5,2.595361797e-02,8.519739406e-03]
[0,-35.5,2.175830567e-02,-1.775160113e-02]
[0,-34.5,-3.319075557e-03,-2.869842127e-02]
[0,-33.5,-2.673351181e-02,-1.304442303e-02]
[0,-32.5,-2.616848679e-02,1.596658790e-02]
[0,-31.5,-6.651400201e-04,3.161359142e-02]
[0,-30.5,2.713297153e-02,1.815903788e-02]
[0,-29.5,3.091711736e-02,-1.352492940e-02]
[0,-28.5,5.428801972e-03,-3.449448114e-02]
[0,-27.5,-2.709196102e-02,-2.397384498e-02]
[0,-26.5,-3.608340496e-02,1.030775336e-02]
[0,-25.5,-1.113463974e-02,3.735750980e-02]
[0,-24.5,2.653896773e-02,3.066314974e-02]
[0,-23.5,4.180615413e-02,-6.146564875e-03]
[0,-22.5,1.803227899e-02,-4.025183721e-02]
[0,-21.5,-2.538524455e-02,-3.851168617e-02]
[0,-20.5,-4.833031748e-02,7.889709012e-04]
[0,-19.5,-2.652387064e-02,4.328916865e-02]
[0,-18.5,2.351737258e-02,4.800497709e-02]
[0,-17.5,5.610272496e-02,6.165281241e-03]
[0,-16.5,3.729535013e-02,-4.671150631e-02]
[0,-15.5,-2.079209108e-02,-6.002092438e-02]
[0,-14.5,-6.598950529e-02,-1.539124330e-02]
[0,-13.5,-5.160343546e-02,5.106440474e-02]
[0,-12.5,1.705734782e-02,7.628247259e-02]
[0,-11.5,7.983772591e-02,2.810814304e-02]
[0,-10.5,7.197891514e-02,-5.771338238e-02]
[0,-9.5,-1.233550907e-02,-1.005926794e-01]
[0,-8.5,-1.022053339e-01,-4.667943525e-02]
[0,-7.5,-1.042256511e-01,7.075095249e-02]
[0,-6.5,8.074285394e-03,1.429601112e-01]
[0,-5.5,1.472723766e-01,7.575088596e-02]
[0,-4.5,1.642525947e-01,-1.068200682e-01]
[0,-3.5,-1.830493574e-02,-2.383333079e-01]
[0,-2.5,-2.818339989e-01,-1.162058468e-01]
[0,-1.5,-2.984319918e-01,2.919605108e-01]
[0,-0.5,3.387381075e-01,5.683175780e-01]
[0,0.5,3.387381075e-01,-5.683175780e-01]
[0,1.5,-2.984319918e-01,-2.919605108e-01]
[0,2.5,-2.818339989e-01,1.162058468e-01]
[0,3.5,-1.830493574e-02,2.383333079e-01]
[0,4.5,1.642525947e-01,1.068200682e-01]
[0,5.5,1.472723766e-01,-7.575088596e-02]
[0,6.5,8.074285394e-03,-1.429601112e-01]
[0,7.5,-1.042256511e-01,-7.075095249e-02]
[0,8.5,-1.022053339e-01,4.667943525e-02]
[0,9.5,-1.233550907e-02,1.005926794e-01]
[0,10.5,7.197891514e-02,5.771338238e-02]
[0,11.5,7.983772591e-02,-2.810814304e-02]
[0,12.5,1.705734782e-02,-7.628247259e-02]
[0,13.5,-5.160343546e-02,-5.106440474e-02]
[0,14.5,-6.598950529e-02,1.539124330e-02]
[0,15.5,-2.079209108e-02,6.002092438e-02]
[0,16.5,3.729535013e-02,4.671150631e-02]
[0,17.5,5.610272496e-02,-6.165281241e-03]
[0,18.5,2.351737258e-02,-4.800497709e-02]
[0,19.5,-2.652387064e-02,-4.328916865e-02]
[0,20.5,-4.833031748e-02,-7.889709012e-04]
[0,21.5,-2.538524455e-02,3.851168617e-02]
[0,22.5,1.803227899e-02,4.025183721e-02]
[0,23.5,4.180615413e-02,6.146564875e-03]
[0,24.5,2.653896773e-02,-3.066314974e-02]
[0,25.5,-1.113463974e-02,-3.735750980e-02]
[0,26.5,-3.608340496e-02,-1.030775336e-02]
[0,27.5,-2.709196102e-02,2.397384498e-02]
[0,28.5,5.428801972e-03,3.449448114e-02]
[0,29.5,3.091711736e-02,1.352492940e-02]
[0,30.5,2.713297153e-02,-1.815903788e-02]
[0,31.5,-6.651400201e-04,-3.161359142e-02]
[0,32.5,-2.616848679e-02,-1.596658790e-02]
[0,33.5,-2.673351181e-02,1.304442303e-02]
[0,34.5,-3.319075557e-03,2.869842127e-02]
[0,35.5,2.175830567e-02,1.775160113e-02]
[0,36.5,2.595361797e-02,-8.519739406e-03]
[0,37.5,6.634911148e-03,-2.575085241e-02]
[0,38.5,-1.764244256e-02,-1.896857151e-02]
[0,39.5,-2.484578614e-02,4.513277444e-03]
[0,40.5,-9.361804454e-03,2.278345864e-02]
[0,41.5,1.379803668e-02,1.968723528e-02]
[0,42.5,2.345754275e-02,-9.770593539e-04]
[0,43.5,1.155949915e-02,-1.981517300e-02]
[0,44.5,-1.021527096e-02,-1.996540921e-02]
[0,45.5,-2.183307283e-02,-2.122185876e-03]
[0,46.5,-1.327542274e-02,1.686863066e-02]
[0,47.5,6.892221970e-03,1.985332311e-02]
[0,48.5,2.001421243e-02,4.808732335e-03]
[0,49.5,1.454937723e-02,-1.396841993e-02]
