[-49.5,0,-6.299351409e-24,0.000000000e+00]
[-48.5,0,-1.746960448e-23,0.000000000e+00]
[-47.5,0,-4.846720699e-23,0.000000000e+00]
[-46.5,0,-1.345234573e-22,0.000000000e+00]
[-45.5,0,-3.735433849e-22,0.000000000e+00]
[-44.5,0,-1.037732683e-21,0.000000000e+00]
[-43.5,0,-2.884299347e-21,0.000000000e+00]
[-42.5,0,-8.020753141e-21,0.000000000e+00]
[-41.5,0,-2.231619831e-20,0.000000000e+00]
[-40.5,0,-6.212501626e-20,0.000000000e+00]
[-39.5,0,-1.730477137e-19,0.000000000e+00]
[-38.5,0,-4.823152105e-19,0.000000000e+00]
[-37.5,0,-1.345164721e-18,0.000000000e+00]
[-36.5,0,-3.754171926e-18,0.000000000e+00]
[-35.5,0,-1.048486853e-17,0.000000000e+00]
[-34.5,0,-2.930483385e-17,0.000000000e+00]
[-33.5,0,-8.197129056e-17,0.000000000e+00]
[-32.5,0,-2.294832419e-16,0.000000000e+00]
[-31.5,0,-6.430269957e-16,0.000000000e+00]
[-30.5,0,-1.803519736e-15,0.000000000e+00]
[-29.5,0,-5.063524031e-15,0.000000000e+00]
[-28.5,0,-1.423163037e-14,0.000000000e+00]
[-27.5,0,-4.004597190e-14,0.000000000e+00]
[-26.5,0,-1.128240131e-13,0.000000000e+00]
[-25.5,0,-3.182899598e-13,0.000000000e+00]
[-24.5,0,-8.992239668e-13,0.000000000e+00]
[-23.5,0,-2.544407277e-12,0.000000000e+00]
[-22.5,0,-7.211669954e-12,0.000000000e+00]
[-21.5,0,-2.047762688e-11,0.000000000e+00]
[-20.5,0,-5.826274489e-11,0.000000000e+00]
[-19.5,0,-1.661320105e-10,0.000000000e+00]
[-18.5,0,-4.748571830e-10,0.000000000e+00]
[-17.5,0,-1.360917216e-09,0.000000000e+00]
[-16.5,0,-3.911920797e-09,0.000000000e+00]
[-15.5,0,-1.128215869e-08,0.000000000e+00]
[-14.5,0,-3.266042691e-08,0.000000000e+00]
[-13.5,0,-9.495117715e-08,0.000000000e+00]
[-12.5,0,-2.773944544e-07,0.000000000e+00]
[-11.5,0,-8.149828771e-07,0.000000000e+00]
[-10.5,0,-2.410312959e-06,0.000000000e+00]
[-9.5,0,-7.184774692e-06,0.000000000e+00]
[-8.5,0,-2.162112104e-05,0.000000000e+00]
[-7.5,0,-6.583089327e-05,0.000000000e+00]
[-6.5,0,-2.034298668e-04,0.000000000e+00]
[-5.5,0,-6.409260499e-04,0.000000000e+00]
[-4.5,0,-2.073400755e-03,0.000000000e+00]
[-3.5,0,-6.970139858e-03,0.000000000e+00]
[-2.5,0,-2.491491787e-02,0.000000000e+00]
[-1.5,0,-1.000195824e-01,0.000000000e+00]
[-0.5,0,-5.597735948e-01,0.000000000e+00]
[0.5,0,4.542199049e-01,0.000000000e+00]
[1.5,0,3.301285449e+00,0.000000000e+00]
[2.5,0,7.073765895e+00,0.000000000e+00]
[3.5,0,1.392535400e+01,0.000000000e+00]
[4.5,0,2.793369670e+01,0.000000000e+00]
[5.5,0,5.846551425e+01,0.000000000e+00]
[6.5,0,1.277472202e+02,0.000000000e+00]
[7.5,0,2.893883982e+02,0.000000000e+00]
[8.5,0,6.742638015e+02,0.000000000e+00]
[9.5,0,1.605028407e+03,0.000000000e+00]
[10.5,0,3.883737465e+03,0.000000000e+00]
[11.5,0,9.518199760e+03,0.000000000e+00]
[12.5,0,2.356511759e+04,0.000000000e+00]
[13.5,0,5.882695908e+04,0.000000000e+00]
[14.5,0,1.478661722e+05,0.000000000e+00]
[15.5,0,3.738402532e+05,0.000000000e+00]
[16.5,0,9.498814038e+05,0.000000000e+00]
[17.5,0,2.424005376e+06,0.000000000e+00]
[18.5,0,6.209371554e+06,0.000000000e+00]
[19.5,0,1.595958397e+07,0.000000000e+00]
[20.5,0,4.114309042e+07,0.000000000e+00]
[21.5,0,1.063506338e+08,0.000000000e+00]
[22.5,0,2.755734003e+08,0.000000000e+00]
[23.5,0,7.156337009e+08,0.000000000e+00]
[24.5,0,1.862155314e+09,0.000000000e+00]
[25.5,0,4.854436679e+09,0.000000000e+00]
[26.5,0,1.267636845e+10,0.000000000e+00]
[27.5,0,3.315330364e+10,0.000000000e+00]
[28.5,0,8.683284776e+10,0.000000000e+00]
[29.5,0,2.277306065e+11,0.000000000e+00]
[30.5,0,5.979962712e+11,0.000000000e+00]
[31.5,0,1.572095592e+12,0.000000000e+00]
[32.5,0,4.137424382e+12,0.000000000e+00]
[33.5,0,1.089989175e+13,0.000000000e+00]
[34.5,0,2.874275356e+13,0.000000000e+00]
[35.5,0,7.586196777e+13,0.000000000e+00]
[36.5,0,2.003950447e+14,0.000000000e+00]
[37.5,0,5.297811170e+14,0.000000000e+00]
[38.5,0,1.401631181e+15,0.000000000e+00]
[39.5,0,3.710918879e+15,0.000000000e+00]
[40.5,0,9.831586536e+15,0.000000000e+00]
[41.5,0,2.606425971e+16,0.000000000e+00]
[42.5,0,6.914059660e+16,0.000000000e+00]
[43.5,0,1.835160585e+17,0.000000000e+00]
[44.5,0,4.873673372e+17,0.000000000e+00]
[45.5,0,1.294998151e+18,0.000000000e+00]
[46.5,0,3.442722210e+18,0.000000000e+00]
[47.5,0,9.156833466e+18,0.000000000e+00]
[48.5,0,2.436633239e+19,0.000000000e+00]
[49.5,0,6.486764088e+19,0.000000000e+00]
[0,-49.5,-1.427986614e-02,-3.127319951e+00]
[0,-48.5,-2.012989085e-02,-3.145994155e+00]
[0,-47.5,-7.314779495e-03,-3.161318814e+00]
[0,-46.5,1.292613366e-02,-3.158761186e+00]
[0,-45.5,2.190041069e-02,-3.139946464e+00]
[0,-44.5,1.067235749e-02,-3.121835944e+00]
[0,-43.5,-1.111794687e-02,-3.121492141e+00]
[0,-42.5,-2.346031912e-02,-3.140064979e+00]
[0,-41.5,-1.428609440e-02,-3.160971497e+00]
[0,-40.5,8.813200876e-03,-3.164633584e+00]
[0,-39.5,2.476351223e-02,-3.146737493e+00]
[0,-38.5,1.815600055e-02,-3.123054686e+00]
[0,-37.5,-5.961324055e-03,-3.115629781e+00]
[0,-36.5,-2.575990760e-02,-3.132353426e+00]
[0,-35.5,-2.228921592e-02,-3.158762826e+00]
[0,-34.5,2.498142011e-03,-3.170434020e+00]
[0,-33.5,2.639356487e-02,-3.155452391e+00]
[0,-32.5,2.670473340e-02,-3.126395720e+00]
[0,-31.5,1.662249660e-03,-3.109937636e+00]
[0,-30.5,-2.659955008e-02,-3.122513211e+00]
[0,-29.5,-3.144089759e-02,-3.154109139e+00]
[0,-28.5,-6.640742423e-03,-3.175981218e+00]
[0,-27.5,2.629868642e-02,-3.166603381e+00]
[0,-26.5,3.656792037e-02,-3.132603275e+00]
[0,-25.5,1.261571938e-02,-3.104555408e+00]
[0,-24.5,-2.538859917e-02,-3.109761204e+00]
[0,-23.5,-4.221001971e-02,-3.146005907e+00]
[0,-22.5,-1.986323001e-02,-3.181207628e+00]
[0,-21.5,2.372793904e-02,-3.181425513e+00]
[0,-20.5,4.858735724e-02,-3.143116227e+00]
[0,-19.5,2.883336929e-02,-3.099421431e+00]
[0,-18.5,-2.110732949e-02,-3.092078734e+00]
[0,-17.5,-5.610235924e-02,-3.132259097e+00]
[0,-16.5,-4.030750522e-02,-3.186422496e+00]
[0,-15.5,1.719280041e-02,-3.203377258e+00]
[0,-14.5,6.553698613e-02,-3.161519189e+00]
[0,-13.5,5.575703865e-02,-3.093701980e+00]
[0,-12.5,-1.140834960e-02,-3.063133379e+00]
[0,-11.5,-7.857046241e-02,-3.106508564e+00]
[0,-10.5,-7.828403596e-02,-3.193737020e+00]
[0,-9.5,2.678058836e-03,-3.245259669e+00]
[0,-8.5,9.943135857e-02,-3.200393426e+00]
[0,-7.5,1.156332032e-01,-3.081477858e+00]
[0,-6.5,1.110151951e-02,-2.992590601e+00]
[0,-5.5,-1.420529476e-01,-3.039520399e+00]
[0,-4.5,-1.934911221e-01,-3.224936741e+00]
[0,-3.5,-3.212854851e-02,-3.403921725e+00]
[0,-2.5,2.858711964e-01,-3.349316500e+00]
[0,-1.5,4.703563172e-01,-2.895479858e+00]
[0,-0.5,-1.777840788e-01,-2.063903745e+00]
[0,0.5,-1.777840788e-01,2.063903745e+00]
[0,1.5,4.703563172e-01,2.895479858e+00]
[0,2.5,2.858711964e-01,3.349316500e+00]
[0,3.5,-3.212854851e-02,3.403921725e+00]
[0,4.5,-1.934911221e-01,3.224936741e+00]
[0,5.5,-1.420529476e-01,3.039520399e+00]
[0,6.5,1.110151951e-02,2.992590601e+00]
[0,7.5,1.156332032e-01,3.081477858e+00]
[0,8.5,9.943135857e-02,3.200393426e+00]
[0,9.5,2.678058836e-03,3.245259669e+00]
[0,10.5,-7.828403596e-02,3.193737020e+00]
[0,11.5,-7.857046241e-02,3.106508564e+00]
[0,12.5,-1.140834960e-02,3.063133379e+00]
[0,13.5,5.575703865e-02,3.093701980e+00]
[0,14.5,6.553698613e-02,3.161519189e+00]
[0,15.5,1.719280041e-02,3.203377258e+00]
[0,16.5,-4.030750522e-02,3.186422496e+00]
[0,17.5,-5.610235924e-02,3.132259097e+00]
[0,18.5,-2.110732949e-02,3.092078734e+00]
[0,19.5,2.883336929e-02,3.099421431e+00]
[0,20.5,4.858735724e-02,3.143116227e+00]
[0,21.5,2.372793904e-02,3.181425513e+00]
[0,22.5,-1.986323001e-02,3.181207628e+00]
[0,23.5,-4.221001971e-02,3.146005907e+00]
[0,24.5,-2.538859917e-02,3.109761204e+00]
[0,25.5,1.261571938e-02,3.104555408e+00]
[0,26.5,3.656792037e-02,3.132603275e+00]
[0,27.5,2.629868642e-02,3.166603381e+00]
[0,28.5,-6.640742423e-03,3.175981218e+00]
[0,29.5,-3.144089759e-02,3.154109139e+00]
[0,30.5,-2.659955008e-02,3.122513211e+00]
[0,31.5,1.662249660e-03,3.109937636e+00]
[0,32.5,2.670473340e-02,3.126395720e+00]
[0,33.5,2.639356487e-02,3.155452391e+00]
[0,34.5,2.498142011e-03,3.170434020e+00]
[0,35.5,-2.228921592e-02,3.158762826e+00]
[0,36.5,-2.575990760e-02,3.132353426e+00]
[0,37.5,-5.961324055e-03,3.115629781e+00]
[0,38.5,1.815600055e-02,3.123054686e+00]
[0,39.5,2.476351223e-02,3.146737493e+00]
[0,40.5,8.813200876e-03,3.164633584e+00]
[0,41.5,-1.428609440e-02,3.160971497e+00]
[0,42.5,-2.346031912e-02,3.140064979e+00]
[0,43.5,-1.111794687e-02,3.121492141e+00]
[0,44.5,1.067235749e-02,3.121835944e+00]
[0,45.5,2.190041069e-02,3.139946464e+00]
[0,46.5,1.292613366e-02,3.158761186e+00]
[0,47.5,-7.314779495e-03,3.161318814e+00]
[0,48.5,-2.012989085e-02,3.145994155e+00]
[0,49.5,-1.427986614e-02,3.127319951e+00]
