[-49.5,0,1.338694118e+18,3.141593088e+00]
[-48.5,0,5.134628072e+17,3.141592820e+00]
[-47.5,0,1.971167043e+17,3.141592718e+00]
[-46.5,0,7.574283836e+16,3.141592678e+00]
[-45.5,0,2.913274920e+16,3.141592663e+00]
[-44.5,0,1.121662996e+16,3.141592657e+00]
[-43.5,0,4.323196543e+15,3.141592655e+00]
[-42.5,0,1.668135620e+15,3.141592654e+00]
[-41.5,0,6.444144619e+14,3.141592654e+00]
[-40.5,0,2.492483568e+14,3.141592654e+00]
[-39.5,0,9.652948214e+13,3.141592654e+00]
[-38.5,0,3.743501731e+13,3.141592654e+00]
[-37.5,0,1.453846893e+13,3.141592654e+00]
[-36.5,0,5.654793856e+12,3.141592654e+00]
[-35.5,0,2.202978626e+12,3.141592654e+00]
[-34.5,0,8.596873106e+11,3.141592654e+00]
[-33.5,0,3.360876992e+11,3.141592654e+00]
[-32.5,0,1.316424728e+11,3.141592654e+00]
[-31.5,0,5.166840732e+10,3.141592654e+00]
[-30.5,0,2.032355150e+10,3.141592654e+00]
[-29.5,0,8.012827541e+09,3.141592654e+00]
[-28.5,0,3.167065842e+09,3.141592654e+00]
[-27.5,0,1.255149050e+09,3.141592654e+00]
[-26.5,0,4.988752323e+08,3.141592654e+00]
[-25.5,0,1.989069086e+08,3.141592654e+00]
[-24.5,0,7.957657503e+07,3.141592654e+00]
[-23.5,0,3.195435108e+07,3.141592654e+00]
[-22.5,0,1.288353083e+07,3.141592654e+00]
[-21.5,0,5.217631258e+06,3.141592654e+00]
[-20.5,0,2.123472004e+06,3.141592654e+00]
[-19.5,0,8.689395593e+05,3.141592654e+00]
[-18.5,0,3.577505950e+05,3.141592654e+00]
[-17.5,0,1.483034102e+05,3.141592654e+00]
[-16.5,0,6.195901419e+04,3.141592654e+00]
[-15.5,0,2.611777089e+04,3.141592654e+00]
[-14.5,0,1.112415403e+04,3.141592654e+00]
[-13.5,0,4.796116872e+03,3.141592654e+00]
[-12.5,0,2.098134667e+03,3.141592654e+00]
[-11.5,0,9.342196723e+02,3.141592654e+00]
[-10.5,0,4.251181630e+02,3.141592654e+00]
[-9.5,0,1.987413719e+02,3.141592654e+00]
[-8.5,0,9.605570266e+01,3.141592654e+00]
[-7.5,0,4.831607627e+01,3.141592654e+00]
[-6.5,0,2.541773823e+01,3.141592654e+00]
[-5.5,0,1.397607202e+01,3.141592654e+00]
[-4.5,0,7.929889742e+00,3.141592654e+00]
[-3.5,0,4.463796293e+00,3.141592654e+00]
[-2.5,0,2.200768310e+00,3.141592654e+00]
[-1.5,0,3.134927356e-01,3.141592654e+00]
[-0.5,0,-2.843222637e+00,3.141592654e+00]
[0.5,0,6.532877246e-01,0.000000000e+00]
[1.5,0,4.873385769e-02,0.000000000e+00]
[2.5,0,7.919081579e-03,0.000000000e+00]
[3.5,0,1.657683977e-03,0.000000000e+00]
[4.5,0,3.952651427e-04,0.000000000e+00]
[5.5,0,1.021233026e-04,0.000000000e+00]
[6.5,0,2.786847054e-05,0.000000000e+00]
[7.5,0,7.913689419e-06,0.000000000e+00]
[8.5,0,2.316334134e-06,0.000000000e+00]
[9.5,0,6.943652958e-07,0.000000000e+00]
[10.5,0,2.122060263e-07,0.000000000e+00]
[11.5,0,6.589482716e-08,0.000000000e+00]
[12.5,0,2.073779937e-08,0.000000000e+00]
[13.5,0,6.601347766e-09,0.000000000e+00]
[14.5,0,2.122170513e-09,0.000000000e+00]
[15.5,0,6.881081701e-10,0.000000000e+00]
[16.5,0,2.248085222e-10,0.000000000e+00]
[17.5,0,7.393944475e-11,0.000000000e+00]
[18.5,0,2.446442034e-11,0.000000000e+00]
[19.5,0,8.138134099e-12,0.000000000e+00]
[20.5,0,2.720321764e-12,0.000000000e+00]
[21.5,0,9.133283669e-13,0.000000000e+00]
[22.5,0,3.078763686e-13,0.000000000e+00]
[23.5,0,1.041649026e-13,0.000000000e+00]
[24.5,0,3.536168444e-14,0.000000000e+00]
[25.5,0,1.204195213e-14,0.000000000e+00]
[26.5,0,4.112558164e-15,0.000000000e+00]
[27.5,0,1.408277297e-15,0.000000000e+00]
[28.5,0,4.834421113e-16,0.000000000e+00]
[29.5,0,1.663444547e-16,0.000000000e+00]
[30.5,0,5.736066830e-17,0.000000000e+00]
[31.5,0,1.981996033e-17,0.000000000e+00]
[32.5,0,6.861517623e-18,0.000000000e+00]
[33.5,0,2.379673232e-18,0.000000000e+00]
[34.5,0,8.267027189e-19,0.000000000e+00]
[35.5,0,2.876571868e-19,0.000000000e+00]
[36.5,0,1.002437243e-19,0.000000000e+00]
[37.5,0,3.498328100e-20,0.000000000e+00]
[38.5,0,1.222512284e-20,0.000000000e+00]
[39.5,0,4.277654046e-21,0.000000000e+00]
[40.5,0,1.498616065e-21,0.000000000e+00]
[41.5,0,5.256321806e-22,0.000000000e+00]
[42.5,0,1.845681112e-22,0.000000000e+00]
[43.5,0,6.487725939e-23,0.000000000e+00]
[44.5,0,2.282805205e-23,0.000000000e+00]
[45.5,0,8.040193785e-24,0.000000000e+00]
[46.5,0,2.834441435e-24,0.000000000e+00]
[47.5,0,1.000126432e-24,0.000000000e+00]
[48.5,0,3.531936942e-25,0.000000000e+00]
[49.5,0,1.248322281e-25,0.000000000e+00]
[0,-49.5,-2.821903016e-04,2.939268127e-04]
[0,-48.5,9.914912030e-05,4.126641738e-04]
[0,-47.5,4.179646972e-04,1.450994099e-04]
[0,-46.5,3.627662508e-04,-2.854929622e-04]
[0,-45.5,-4.664144782e-05,-4.798477545e-04]
[0,-44.5,-4.486608811e-04,-2.295566507e-04]
[0,-43.5,-4.555212183e-04,2.657356127e-04]
[0,-42.5,-2.298963186e-05,5.519421824e-04]
[0,-41.5,4.743912117e-04,3.324828117e-04]
[0,-40.5,5.625545344e-04,-2.311556655e-04]
[0,-39.5,1.142601885e-04,-6.290072440e-04]
[0,-38.5,-4.926901691e-04,-4.582452612e-04]
[0,-37.5,-6.866893976e-04,1.769309639e-04]
[0,-36.5,-2.334175180e-04,7.110580266e-04]
[0,-35.5,5.000451023e-04,6.129100190e-04]
[0,-34.5,8.318382978e-04,-9.620508862e-05]
[0,-33.5,3.893857621e-04,-7.980152780e-04]
[0,-32.5,-4.912796278e-04,-8.051842089e-04]
[0,-31.5,-1.003606077e-03,-2.111555619e-05]
[0,-30.5,-5.953782911e-04,8.896056239e-04]
[0,-29.5,4.584721829e-04,1.048037877e-03]
[0,-28.5,1.210332671e-03,1.904842797e-04]
[0,-27.5,8.717761812e-04,-9.851622190e-04]
[0,-26.5,-3.889718251e-04,-1.361637923e-03]
[0,-25.5,-1.465000384e-03,-4.366525389e-04]
[0,-24.5,-1.251557132e-03,1.083223173e-03]
[0,-23.5,2.615559521e-04,1.778985282e-03]
[0,-22.5,1.788970543e-03,8.014346218e-04]
[0,-21.5,1.791241217e-03,-1.180709049e-03]
[0,-20.5,-3.848638542e-05,-2.357576463e-03]
[0,-19.5,-2.219957367e-03,-1.360198494e-03]
[0,-18.5,-2.594863626e-03,1.271209329e-03]
[0,-17.5,-3.523017852e-04,3.205869998e-03]
[0,-16.5,2.831000383e-03,2.260324250e-03]
[0,-15.5,3.872317702e-03,-1.341425231e-03]
[0,-14.5,1.061465055e-03,-4.551000365e-03]
[0,-13.5,-3.782548499e-03,-3.822476701e-03]
[0,-12.5,-6.102597807e-03,1.364587826e-03]
[0,-11.5,-2.444186352e-03,6.942410948e-03]
[0,-10.5,5.496512608e-03,6.855134775e-03]
[0,-9.5,1.058870309e-02,-1.298474639e-03]
[0,-8.5,5.491698265e-03,-1.202415693e-02]
[0,-7.5,-9.433460332e-03,-1.389675347e-02]
[0,-6.5,-2.199386327e-02,1.242197753e-03]
[0,-5.5,-1.377288836e-02,2.677679574e-02]
[0,-4.5,2.373779293e-02,3.650057660e-02]
[0,-3.5,6.809523083e-02,-5.229981641e-03]
[0,-2.5,4.648233872e-02,-1.127335996e-01]
[0,-1.5,-1.946403405e-01,-1.989546612e-01]
[0,-0.5,-1.136635156e+00,6.774762150e-01]
[0,0.5,-1.136635156e+00,-6.774762150e-01]
[0,1.5,-1.946403405e-01,1.989546612e-01]
[0,2.5,4.648233872e-02,1.127335996e-01]
[0,3.5,6.809523083e-02,5.229981641e-03]
[0,4.5,2.373779293e-02,-3.650057660e-02]
[0,5.5,-1.377288836e-02,-2.677679574e-02]
[0,6.5,-2.199386327e-02,-1.242197753e-03]
[0,7.5,-9.433460332e-03,1.389675347e-02]
[0,8.5,5.491698265e-03,1.202415693e-02]
[0,9.5,1.058870309e-02,1.298474639e-03]
[0,10.5,5.496512608e-03,-6.855134775e-03]
[0,11.5,-2.444186352e-03,-6.942410948e-03]
[0,12.5,-6.102597807e-03,-1.364587826e-03]
[0,13.5,-3.782548499e-03,3.822476701e-03]
[0,14.5,1.061465055e-03,4.551000365e-03]
[0,15.5,3.872317702e-03,1.341425231e-03]
[0,16.5,2.831000383e-03,-2.260324250e-03]
[0,17.5,-3.523017852e-04,-3.205869998e-03]
[0,18.5,-2.594863626e-03,-1.271209329e-03]
[0,19.5,-2.219957367e-03,1.360198494e-03]
[0,20.5,-3.848638542e-05,2.357576463e-03]
[0,21.5,1.791241217e-03,1.180709049e-03]
[0,22.5,1.788970543e-03,-8.014346218e-04]
[0,23.5,2.615559521e-04,-1.778985282e-03]
[0,24.5,-1.251557132e-03,-1.083223173e-03]
[0,25.5,-1.465000384e-03,4.366525389e-04]
[0,26.5,-3.889718251e-04,1.361637923e-03]
[0,27.5,8.717761812e-04,9.851622190e-04]
[0,28.5,1.210332671e-03,-1.904842797e-04]
[0,29.5,4.584721829e-04,-1.048037877e-03]
[0,30.5,-5.953782911e-04,-8.896056239e-04]
[0,31.5,-1.003606077e-03,2.111555619e-05]
[0,32.5,-4.912796278e-04,8.051842089e-04]
[0,33.5,3.893857621e-04,7.980152780e-04]
[0,34.5,8.318382978e-04,9.620508862e-05]
[0,35.5,5.000451023e-04,-6.129100190e-04]
[0,36.5,-2.334175180e-04,-7.110580266e-04]
[0,37.5,-6.866893976e-04,-1.769309639e-04]
[0,38.5,-4.926901691e-04,4.582452612e-04]
[0,39.5,1.142601885e-04,6.290072440e-04]
[0,40.5,5.625545344e-04,2.311556655e-04]
[0,41.5,4.743912117e-04,-3.324828117e-04]
[0,42.5,-2.298963186e-05,-5.519421824e-04]
[0,43.5,-4.555212183e-04,-2.657356127e-04]
[0,44.5,-4.486608811e-04,2.295566507e-04]
[0,45.5,-4.664144782e-05,4.798477545e-04]
[0,46.5,3.627662508e-04,2.854929622e-04]
[0,47.5,4.179646972e-04,-1.450994099e-04]
[0,48.5,9.914912030e-05,-4.126641738e-04]
[0,49.5,-2.821903016e-04,-2.939268127e-04]
