[-49.5,0,-2.764052600e+16,-1.570796336e+00]
[-48.5,0,-1.082553158e+16,-1.570796330e+00]
[-47.5,0,-4.245544153e+15,-1.570796328e+00]
[-46.5,0,-1.667339918e+15,-1.570796327e+00]
[-45.5,0,-6.557657915e+14,-1.570796327e+00]
[-44.5,0,-2.583070344e+14,-1.570796327e+00]
[-43.5,0,-1.019102030e+14,-1.570796327e+00]
[-42.5,0,-4.027415151e+13,-1.570796327e+00]
[-41.5,0,-1.594403522e+13,-1.570796327e+00]
[-40.5,0,-6.323707032e+12,-1.570796327e+00]
[-39.5,0,-2.512976551e+12,-1.570796327e+00]
[-38.5,0,-1.000675367e+12,-1.570796327e+00]
[-37.5,0,-3.993324877e+11,-1.570796327e+00]
[-36.5,0,-1.597222592e+11,-1.570796327e+00]
[-35.5,0,-6.403876166e+10,-1.570796327e+00]
[-34.5,0,-2.574124593e+10,-1.570796327e+00]
[-33.5,0,-1.037513245e+10,-1.570796327e+00]
[-32.5,0,-4.193822389e+09,-1.570796327e+00]
[-31.5,0,-1.700438814e+09,-1.570796327e+00]
[-30.5,0,-6.917311669e+08,-1.570796327e+00]
[-29.5,0,-2.823836193e+08,-1.570796327e+00]
[-28.5,0,-1.157121853e+08,-1.570796327e+00]
[-27.5,0,-4.760807780e+07,-1.570796327e+00]
[-26.5,0,-1.967359312e+07,-1.570796327e+00]
[-25.5,0,-8.168556867e+06,-1.570796327e+00]
[-24.5,0,-3.409129585e+06,-1.570796327e+00]
[-23.5,0,-1.430806393e+06,-1.570796327e+00]
[-22.5,0,-6.042127593e+05,-1.570796327e+00]
[-21.5,0,-2.568853386e+05,-1.570796327e+00]
[-20.5,0,-1.100379917e+05,-1.570796327e+00]
[-19.5,0,-4.753017934e+04,-1.570796327e+00]
[-18.5,0,-2.072337966e+04,-1.570796327e+00]
[-17.5,0,-9.131648961e+03,-1.570796327e+00]
[-16.5,0,-4.072768015e+03,-1.570796327e+00]
[-15.5,0,-1.842031178e+03,-1.570796327e+00]
[-14.5,0,-8.468350111e+02,-1.570796327e+00]
[-13.5,0,-3.969161321e+02,-1.570796327e+00]
[-12.5,0,-1.903880166e+02,-1.570796327e+00]
[-11.5,0,-9.389331059e+01,-1.570796327e+00]
[-10.5,0,-4.786292426e+01,-1.570796327e+00]
[-9.5,0,-2.535557888e+01,-1.570796327e+00]
[-8.5,0,-1.401561022e+01,-1.570796327e+00]
[-7.5,0,-8.086550008e+00,-1.570796327e+00]
[-6.5,0,-4.837370497e+00,-1.570796327e+00]
[-5.5,0,-2.943541262e+00,-1.570796327e+00]
[-4.5,0,-1.742299654e+00,-1.570796327e+00]
[-3.5,0,-8.802470460e-01,-1.570796327e+00]
[-2.5,0,-1.257846383e-01,-1.570796327e+00]
[-1.5,0,8.391845367e-01,-1.570796327e+00]
[-0.5,0,4.719053860e+00,-1.570796327e+00]
[0.5,0,8.864174571e-01,0.000000000e+00]
[1.5,0,2.521755119e-02,0.000000000e+00]
[2.5,0,2.607259100e-03,0.000000000e+00]
[3.5,0,4.037042734e-04,0.000000000e+00]
[4.5,0,7.666363948e-05,0.000000000e+00]
[5.5,0,1.648828984e-05,0.000000000e+00]
[6.5,0,3.857944528e-06,0.000000000e+00]
[7.5,0,9.594608028e-07,0.000000000e+00]
[8.5,0,2.499185316e-07,0.000000000e+00]
[9.5,0,6.750893043e-08,0.000000000e+00]
[10.5,0,1.877884334e-08,0.000000000e+00]
[11.5,0,5.351617038e-09,0.000000000e+00]
[12.5,0,1.556390468e-09,0.000000000e+00]
[13.5,0,4.605307436e-10,0.000000000e+00]
[14.5,0,1.383146543e-10,0.000000000e+00]
[15.5,0,4.208355543e-11,0.000000000e+00]
[16.5,0,1.295117283e-11,0.000000000e+00]
[17.5,0,4.026182209e-12,0.000000000e+00]
[18.5,0,1.262968297e-12,0.000000000e+00]
[19.5,0,3.993981966e-13,0.000000000e+00]
[20.5,0,1.272309876e-13,0.000000000e+00]
[21.5,0,4.079989211e-14,0.000000000e+00]
[22.5,0,1.316284509e-14,0.000000000e+00]
[23.5,0,4.270148298e-15,0.000000000e+00]
[24.5,0,1.392334338e-15,0.000000000e+00]
[25.5,0,4.561202467e-16,0.000000000e+00]
[26.5,0,1.500713194e-16,0.000000000e+00]
[27.5,0,4.957497333e-17,0.000000000e+00]
[28.5,0,1.643811074e-17,0.000000000e+00]
[29.5,0,5.469611395e-18,0.000000000e+00]
[30.5,0,1.825901984e-18,0.000000000e+00]
[31.5,0,6.114000911e-19,0.000000000e+00]
[32.5,0,2.053144122e-19,0.000000000e+00]
[33.5,0,6.913299272e-20,0.000000000e+00]
[34.5,0,2.333757633e-20,0.000000000e+00]
[35.5,0,7.897120888e-21,0.000000000e+00]
[36.5,0,2.678352231e-21,0.000000000e+00]
[37.5,0,9.103328516e-22,0.000000000e+00]
[38.5,0,3.100403119e-22,0.000000000e+00]
[39.5,0,1.057978854e-22,0.000000000e+00]
[40.5,0,3.616890955e-23,0.000000000e+00]
[41.5,0,1.238668669e-23,0.000000000e+00]
[42.5,0,4.249135617e-24,0.000000000e+00]
[43.5,0,1.459951985e-24,0.000000000e+00]
[44.5,0,5.023867278e-25,0.000000000e+00]
[45.5,0,1.731292470e-25,0.000000000e+00]
[46.5,0,5.974593615e-26,0.000000000e+00]
[47.5,0,2.064555675e-26,0.000000000e+00]
[48.5,0,7.143340254e-27,0.000000000e+00]
[49.5,0,2.474629757e-27,0.000000000e+00]
[0,-49.5,-6.042519611e-06,-5.572741267e-06]
[0,-48.5,-8.452527071e-06,2.214716951e-06]
[0,-47.5,-2.865913297e-06,8.847602339e-06]
[0,-46.5,6.294569657e-06,7.656509008e-06]
[0,-45.5,1.050378484e-05,-1.252519919e-06]
[0,-44.5,4.924229880e-06,-1.017693725e-05]
[0,-43.5,-6.334200517e-06,-1.031118962e-05]
[0,-42.5,-1.297126000e-05,-2.378031616e-07]
[0,-41.5,-7.721379042e-06,1.159577023e-05]
[0,-40.5,6.032438967e-06,1.371800138e-05]
[0,-39.5,1.595656960e-05,2.487773360e-06]
[0,-38.5,1.154349579e-05,-1.306815797e-05]
[0,-37.5,-5.186017908e-06,-1.813701987e-05]
[0,-36.5,-1.959651721e-05,-5.851067024e-06]
[0,-35.5,-1.682167293e-05,1.452049783e-05]
[0,-34.5,3.465949788e-06,2.395321513e-05]
[0,-33.5,2.407955108e-05,1.088556272e-05]
[0,-32.5,2.422829189e-05,-1.580809606e-05]
[0,-31.5,-3.223874625e-07,-3.175739232e-05]
[0,-30.5,-2.967230358e-05,-1.850491383e-05]
[0,-29.5,-3.485561977e-05,1.664834598e-05]
[0,-28.5,-5.200022562e-06,4.249601968e-05]
[0,-27.5,3.676445072e-05,3.027365054e-05]
[0,-26.5,5.056628250e-05,-1.648089122e-05]
[0,-25.5,1.484151312e-05,-5.776627498e-05]
[0,-24.5,-4.594945876e-05,-4.901889168e-05]
[0,-23.5,-7.472972438e-05,1.415790496e-05]
[0,-22.5,-3.196216994e-05,8.044270141e-05]
[0,-21.5,5.818331507e-05,8.019876117e-05]
[0,-20.5,1.139053786e-04,-7.207954635e-06]
[0,-19.5,6.354216806e-05,-1.161398977e-04]
[0,-18.5,-7.513925142e-05,-1.352677491e-04]
[0,-17.5,-1.821184351e-04,-1.007621454e-05]
[0,-16.5,-1.255147781e-04,1.770653172e-04]
[0,-15.5,1.001646929e-04,2.410196251e-04]
[0,-14.5,3.133204255e-04,5.220635228e-05]
[0,-13.5,2.591187946e-04,-2.939315442e-04]
[0,-12.5,-1.416555898e-04,-4.700638414e-04]
[0,-11.5,-6.051459877e-04,-1.613673846e-04]
[0,-10.5,-5.916262450e-04,5.619825441e-04]
[0,-9.5,2.301479329e-04,1.065587018e-03]
[0,-8.5,1.420323205e-03,4.862160950e-04]
[0,-7.5,1.635527341e-03,-1.389400835e-03]
[0,-6.5,-5.603183747e-04,-3.166897552e-03]
[0,-5.5,-4.827105810e-03,-1.726574308e-03]
[0,-4.5,-6.664061914e-03,5.886257815e-03]
[0,-3.5,4.175106517e-03,1.693267358e-02]
[0,-2.5,4.085031988e-02,8.489028257e-03]
[0,-1.5,8.160079212e-02,-1.221882220e-01]
[0,-0.5,-1.186847546e+00,-1.297589185e+00]
[0,0.5,-1.186847546e+00,1.297589185e+00]
[0,1.5,8.160079212e-02,1.221882220e-01]
[0,2.5,4.085031988e-02,-8.489028257e-03]
[0,3.5,4.175106517e-03,-1.693267358e-02]
[0,4.5,-6.664061914e-03,-5.886257815e-03]
[0,5.5,-4.827105810e-03,1.726574308e-03]
[0,6.5,-5.603183747e-04,3.166897552e-03]
[0,7.5,1.635527341e-03,1.389400835e-03]
[0,8.5,1.420323205e-03,-4.862160950e-04]
[0,9.5,2.301479329e-04,-1.065587018e-03]
[0,10.5,-5.916262450e-04,-5.619825441e-04]
[0,11.5,-6.051459877e-04,1.613673846e-04]
[0,12.5,-1.416555898e-04,4.700638414e-04]
[0,13.5,2.591187946e-04,2.939315442e-04]
[0,14.5,3.133204255e-04,-5.220635228e-05]
[0,15.5,1.001646929e-04,-2.410196251e-04]
[0,16.5,-1.255147781e-04,-1.770653172e-04]
[0,17.5,-1.821184351e-04,1.007621454e-05]
[0,18.5,-7.513925142e-05,1.352677491e-04]
[0,19.5,6.354216806e-05,1.161398977e-04]
[0,20.5,1.139053786e-04,7.207954635e-06]
[0,21.5,5.818331507e-05,-8.019876117e-05]
[0,22.5,-3.196216994e-05,-8.044270141e-05]
[0,23.5,-7.472972438e-05,-1.415790496e-05]
[0,24.5,-4.594945876e-05,4.901889168e-05]
[0,25.5,1.484151312e-05,5.776627498e-05]
[0,26.5,5.056628250e-05,1.648089122e-05]
[0,27.5,3.676445072e-05,-3.027365054e-05]
[0,28.5,-5.200022562e-06,-4.249601968e-05]
[0,29.5,-3.485561977e-05,-1.664834598e-05]
[0,30.5,-2.967230358e-05,1.850491383e-05]
[0,31.5,-3.223874625e-07,3.175739232e-05]
[0,32.5,2.422829189e-05,1.580809606e-05]
[0,33.5,2.407955108e-05,-1.088556272e-05]
[0,34.5,3.465949788e-06,-2.395321513e-05]
[0,35.5,-1.682167293e-05,-1.452049783e-05]
[0,36.5,-1.959651721e-05,5.851067024e-06]
[0,37.5,-5.186017908e-06,1.813701987e-05]
[0,38.5,1.154349579e-05,1.306815797e-05]
[0,39.5,1.595656960e-05,-2.487773360e-06]
[0,40.5,6.032438967e-06,-1.371800138e-05]
[0,41.5,-7.721379042e-06,-1.159577023e-05]
[0,42.5,-1.297126000e-05,2.378031616e-07]
[0,43.5,-6.334200517e-06,1.031118962e-05]
[0,44.5,4.924229880e-06,1.017693725e-05]
[0,45.5,1.050378484e-05,1.252519919e-06]
[0,46.5,6.294569657e-06,-7.656509008e-06]
[0,47.5,-2.865913297e-06,-8.847602339e-06]
[0,48.5,-8.452527071e-06,-2.214716951e-06]
[0,49.5,-6.042519611e-06,5.572741267e-06]
