[-49.5,0,5.709964374e+14,5.235987758e-01]
[-48.5,0,2.283610841e+14,5.235987757e-01]
[-47.5,0,9.149285059e+13,5.235987756e-01]
[-46.5,0,3.672507277e+13,5.235987756e-01]
[-45.5,0,1.477015311e+13,5.235987756e-01]
[-44.5,0,5.952413007e+12,5.235987756e-01]
[-43.5,0,2.403967009e+12,5.235987756e-01]
[-42.5,0,9.730519378e+11,5.235987756e-01]
[-41.5,0,3.947877132e+11,5.235987756e-01]
[-40.5,0,1.605694824e+11,5.235987756e-01]
[-39.5,0,6.547717059e+10,5.235987756e-01]
[-38.5,0,2.677346380e+10,5.235987756e-01]
[-37.5,0,1.097923856e+10,5.235987756e-01]
[-36.5,0,4.516101599e+09,5.235987756e-01]
[-35.5,0,1.863614427e+09,5.235987756e-01]
[-34.5,0,7.716730991e+08,5.235987756e-01]
[-33.5,0,3.206915687e+08,5.235987756e-01]
[-32.5,0,1.337887145e+08,5.235987756e-01]
[-31.5,0,5.604542823e+07,5.235987756e-01]
[-30.5,0,2.358154557e+07,5.235987756e-01]
[-29.5,0,9.968999633e+06,5.235987756e-01]
[-28.5,0,4.235740477e+06,5.235987756e-01]
[-27.5,0,1.809566610e+06,5.235987756e-01]
[-26.5,0,7.776373777e+05,5.235987756e-01]
[-25.5,0,3.363190223e+05,5.235987756e-01]
[-24.5,0,1.464674690e+05,5.235987756e-01]
[-23.5,0,6.427250991e+04,5.235987756e-01]
[-22.5,0,2.843973000e+04,5.235987756e-01]
[-21.5,0,1.270037519e+04,5.235987756e-01]
[-20.5,0,5.729801794e+03,5.235987756e-01]
[-19.5,0,2.614688827e+03,5.235987756e-01]
[-18.5,0,1.208625011e+03,5.235987756e-01]
[-17.5,0,5.669284667e+02,5.235987756e-01]
[-16.5,0,2.704483655e+02,5.235987756e-01]
[-15.5,0,1.315650479e+02,5.235987756e-01]
[-14.5,0,6.548560111e+01,5.235987756e-01]
[-13.5,0,3.348353518e+01,5.235987756e-01]
[-12.5,0,1.766644196e+01,5.235987756e-01]
[-11.5,0,9.662029586e+00,5.235987756e-01]
[-10.5,0,5.497409212e+00,5.235987756e-01]
[-9.5,0,3.257817023e+00,5.235987756e-01]
[-8.5,0,2.004243320e+00,5.235987756e-01]
[-7.5,0,1.266939947e+00,5.235987756e-01]
[-6.5,0,8.051236411e-01,5.235987756e-01]
[-5.5,0,4.909386329e-01,5.235987756e-01]
[-4.5,0,2.514857783e-01,5.235987756e-01]
[-3.5,0,3.595832954e-02,5.235987756e-01]
[-2.5,0,-2.179649917e-01,5.235987756e-01]
[-1.5,0,-7.223641365e-01,5.235987756e-01]
[-0.5,0,-5.969608008e+00,5.235987756e-01]
[0.5,0,1.321942607e+00,0.000000000e+00]
[1.5,0,1.363169629e-02,0.000000000e+00]
[2.5,0,8.820602706e-04,0.000000000e+00]
[3.5,0,1.002026255e-04,0.000000000e+00]
[4.5,0,1.508192918e-05,0.000000000e+00]
[5.5,0,2.691775039e-06,0.000000000e+00]
[6.5,0,5.388574445e-07,0.000000000e+00]
[7.5,0,1.171846668e-07,0.000000000e+00]
[8.5,0,2.713190898e-08,0.000000000e+00]
[9.5,0,6.598186582e-09,0.000000000e+00]
[10.5,0,1.669392314e-09,0.000000000e+00]
[11.5,0,4.363613131e-10,0.000000000e+00]
[12.5,0,1.172186521e-10,0.000000000e+00]
[13.5,0,3.222825220e-11,0.000000000e+00]
[14.5,0,9.039938739e-12,0.000000000e+00]
[15.5,0,2.580218750e-12,0.000000000e+00]
[16.5,0,7.478084075e-13,0.000000000e+00]
[17.5,0,2.196880096e-13,0.000000000e+00]
[18.5,0,6.532330512e-14,0.000000000e+00]
[19.5,0,1.963531039e-14,0.000000000e+00]
[20.5,0,5.960138117e-15,0.000000000e+00]
[21.5,0,1.825278617e-15,0.000000000e+00]
[22.5,0,5.635265829e-16,0.000000000e+00]
[23.5,0,1.752725409e-16,0.000000000e+00]
[24.5,0,5.488655570e-17,0.000000000e+00]
[25.5,0,1.729576907e-17,0.000000000e+00]
[26.5,0,5.481897335e-18,0.000000000e+00]
[27.5,0,1.746854268e-18,0.000000000e+00]
[28.5,0,5.594406631e-19,0.000000000e+00]
[29.5,0,1.800015969e-19,0.000000000e+00]
[30.5,0,5.816898101e-20,0.000000000e+00]
[31.5,0,1.887468402e-20,0.000000000e+00]
[32.5,0,6.147980025e-21,0.000000000e+00]
[33.5,0,2.009790662e-21,0.000000000e+00]
[34.5,0,6.592414313e-22,0.000000000e+00]
[35.5,0,2.169355589e-22,0.000000000e+00]
[36.5,0,7.160340046e-23,0.000000000e+00]
[37.5,0,2.370190908e-23,0.000000000e+00]
[38.5,0,7.867112157e-24,0.000000000e+00]
[39.5,0,2.618002907e-24,0.000000000e+00]
[40.5,0,8.733584165e-25,0.000000000e+00]
[41.5,0,2.920325813e-25,0.000000000e+00]
[42.5,0,9.786759749e-26,0.000000000e+00]
[43.5,0,3.286783148e-26,0.000000000e+00]
[44.5,0,1.106079492e-26,0.000000000e+00]
[45.5,0,3.729461841e-27,0.000000000e+00]
[46.5,0,1.259837103e-27,0.000000000e+00]
[47.5,0,4.263410526e-28,0.000000000e+00]
[48.5,0,1.445248957e-28,0.000000000e+00]
[49.5,0,4.907282602e-29,0.000000000e+00]
[0,-49.5,1.099218221e-07,-1.240717044e-07]
[0,-48.5,-4.911370948e-08,-1.729876698e-07]
[0,-47.5,-1.871139156e-07,-5.633853025e-08]
[0,-46.5,-1.614160919e-07,1.385499733e-07]
[0,-45.5,3.245849181e-08,2.297126607e-07]
[0,-44.5,2.305789930e-07,1.053279888e-07]
[0,-43.5,2.331378470e-07,-1.505967115e-07]
[0,-42.5,-1.474713179e-09,-3.045138627e-07]
[0,-41.5,-2.830290916e-07,-1.789237838e-07]
[0,-40.5,-3.341079456e-07,1.567107524e-07]
[0,-39.5,-5.276626094e-08,4.042724046e-07]
[0,-38.5,3.459479574e-07,2.902242807e-07]
[0,-37.5,4.783888654e-07,-1.504283395e-07]
[0,-36.5,1.453605996e-07,-5.392384111e-07]
[0,-35.5,-4.204847467e-07,-4.608067264e-07]
[0,-34.5,-6.886628922e-07,1.196548335e-07]
[0,-33.5,-3.026946139e-07,7.251593336e-07]
[0,-32.5,5.064709192e-07,7.275905427e-07]
[0,-31.5,1.003021650e-06,-4.119569933e-08]
[0,-30.5,5.727810166e-07,-9.871368997e-07]
[0,-29.5,-5.999297790e-07,-1.156669638e-06]
[0,-28.5,-1.488604399e-06,-1.310401714e-07]
[0,-27.5,-1.047363356e-06,1.367026579e-06]
[0,-26.5,6.867071579e-07,1.873010783e-06]
[0,-25.5,2.270934697e-06,4.931065882e-07]
[0,-24.5,1.912603407e-06,-1.938683042e-06]
[0,-23.5,-7.255683541e-07,-3.129280328e-06]
[0,-22.5,-3.602536311e-06,-1.257993763e-06]
[0,-21.5,-3.575655003e-06,2.842395076e-06]
[0,-20.5,6.005221072e-07,5.481096616e-06]
[0,-19.5,6.041128422e-06,2.937691875e-06]
[0,-18.5,7.016258034e-06,-4.372770646e-06]
[0,-17.5,2.581038961e-08,-1.028961716e-05]
[0,-16.5,-1.097901102e-05,-6.901149651e-06]
[0,-15.5,-1.490681203e-05,7.243933297e-06]
[0,-14.5,-2.219735848e-06,2.140491490e-05]
[0,-13.5,2.252434722e-05,1.737691203e-05]
[0,-12.5,3.589959280e-05,-1.360295917e-05]
[0,-11.5,9.840657375e-06,-5.213777982e-05]
[0,-10.5,-5.609600926e-05,-5.039862208e-05]
[0,-9.5,-1.059335003e-04,3.248850154e-05]
[0,-8.5,-4.004009789e-05,1.646865830e-04]
[0,-7.5,1.959600038e-04,1.892489160e-04]
[0,-6.5,4.478803480e-04,-1.297264579e-04]
[0,-5.5,1.954808987e-04,-8.442994718e-04]
[0,-4.5,-1.354430638e-03,-1.190999338e-03]
[0,-3.5,-4.118879841e-03,1.636293935e-03]
[0,-2.5,-8.493675531e-04,1.426138771e-02]
[0,-1.5,7.131775933e-02,3.374301704e-02]
[0,-0.5,1.674083952e+00,-1.907690437e+00]
[0,0.5,1.674083952e+00,1.907690437e+00]
[0,1.5,7.131775933e-02,-3.374301704e-02]
[0,2.5,-8.493675531e-04,-1.426138771e-02]
[0,3.5,-4.118879841e-03,-1.636293935e-03]
[0,4.5,-1.354430638e-03,1.190999338e-03]
[0,5.5,1.954808987e-04,8.442994718e-04]
[0,6.5,4.478803480e-04,1.297264579e-04]
[0,7.5,1.959600038e-04,-1.892489160e-04]
[0,8.5,-4.004009789e-05,-1.646865830e-04]
[0,9.5,-1.059335003e-04,-3.248850154e-05]
[0,10.5,-5.609600926e-05,5.039862208e-05]
[0,11.5,9.840657375e-06,5.213777982e-05]
[0,12.5,3.589959280e-05,1.360295917e-05]
[0,13.5,2.252434722e-05,-1.737691203e-05]
[0,14.5,-2.219735848e-06,-2.140491490e-05]
[0,15.5,-1.490681203e-05,-7.243933297e-06]
[0,16.5,-1.097901102e-05,6.901149651e-06]
[0,17.5,2.581038961e-08,1.028961716e-05]
[0,18.5,7.016258034e-06,4.372770646e-06]
[0,19.5,6.041128422e-06,-2.937691875e-06]
[0,20.5,6.005221072e-07,-5.481096616e-06]
[0,21.5,-3.575655003e-06,-2.842395076e-06]
[0,22.5,-3.602536311e-06,1.257993763e-06]
[0,23.5,-7.255683541e-07,3.129280328e-06]
[0,24.5,1.912603407e-06,1.938683042e-06]
[0,25.5,2.270934697e-06,-4.931065882e-07]
[0,26.5,6.867071579e-07,-1.873010783e-06]
[0,27.5,-1.047363356e-06,-1.367026579e-06]
[0,28.5,-1.488604399e-06,1.310401714e-07]
[0,29.5,-5.999297790e-07,1.156669638e-06]
[0,30.5,5.727810166e-07,9.871368997e-07]
[0,31.5,1.003021650e-06,4.119569933e-08]
[0,32.5,5.064709192e-07,-7.275905427e-07]
[0,33.5,-3.026946139e-07,-7.251593336e-07]
[0,34.5,-6.886628922e-07,-1.196548335e-07]
[0,35.5,-4.204847467e-07,4.608067264e-07]
[0,36.5,1.453605996e-07,5.392384111e-07]
[0,37.5,4.783888654e-07,1.504283395e-07]
[0,38.5,3.459479574e-07,-2.902242807e-07]
[0,39.5,-5.276626094e-08,-4.042724046e-07]
[0,40.5,-3.341079456e-07,-1.567107524e-07]
[0,41.5,-2.830290916e-07,1.789237838e-07]
[0,42.5,-1.474713179e-09,3.045138627e-07]
[0,43.5,2.331378470e-07,1.505967115e-07]
[0,44.5,2.305789930e-07,-1.053279888e-07]
[0,45.5,3.245849181e-08,-2.297126607e-07]
[0,46.5,-1.614160919e-07,-1.385499733e-07]
[0,47.5,-1.871139156e-07,5.633853025e-08]
[0,48.5,-4.911370948e-08,1.729876698e-07]
[0,49.5,1.099218221e-07,1.240717044e-07]
