[-49.5,0,8.060503583e-02,0.000000000e+00]
[-48.5,0,8.144062642e-02,0.000000000e+00]
[-47.5,0,8.230276074e-02,0.000000000e+00]
[-46.5,0,8.319287496e-02,0.000000000e+00]
[-45.5,0,8.411251646e-02,0.000000000e+00]
[-44.5,0,8.506335519e-02,0.000000000e+00]
[-43.5,0,8.604719644e-02,0.000000000e+00]
[-42.5,0,8.706599526e-02,0.000000000e+00]
[-41.5,0,8.812187285e-02,0.000000000e+00]
[-40.5,0,8.921713516e-02,0.000000000e+00]
[-39.5,0,9.035429414e-02,0.000000000e+00]
[-38.5,0,9.153609201e-02,0.000000000e+00]
[-37.5,0,9.276552914e-02,0.000000000e+00]
[-36.5,0,9.404589621e-02,0.000000000e+00]
[-35.5,0,9.538081134e-02,0.000000000e+00]
[-34.5,0,9.677426326e-02,0.000000000e+00]
[-33.5,0,9.823066159e-02,0.000000000e+00]
[-32.5,0,9.975489581e-02,0.000000000e+00]
[-31.5,0,1.013524046e-01,0.000000000e+00]
[-30.5,0,1.030292577e-01,0.000000000e+00]
[-29.5,0,1.047922537e-01,0.000000000e+00]
[-28.5,0,1.066490365e-01,0.000000000e+00]
[-27.5,0,1.086082353e-01,0.000000000e+00]
[-26.5,0,1.106796350e-01,0.000000000e+00]
[-25.5,0,1.128743826e-01,0.000000000e+00]
[-24.5,0,1.152052424e-01,0.000000000e+00]
[-23.5,0,1.176869103e-01,0.000000000e+00]
[-22.5,0,1.203364081e-01,0.000000000e+00]
[-21.5,0,1.231735802e-01,0.000000000e+00]
[-20.5,0,1.262217264e-01,0.000000000e+00]
[-19.5,0,1.295084190e-01,0.000000000e+00]
[-18.5,0,1.330665695e-01,0.000000000e+00]
[-17.5,0,1.369358410e-01,0.000000000e+00]
[-16.5,0,1.411645506e-01,0.000000000e+00]
[-15.5,0,1.458122743e-01,0.000000000e+00]
[-14.5,0,1.509534900e-01,0.000000000e+00]
[-13.5,0,1.566827912e-01,0.000000000e+00]
[-12.5,0,1.631225511e-01,0.000000000e+00]
[-11.5,0,1.704345478e-01,0.000000000e+00]
[-10.5,0,1.788382378e-01,0.000000000e+00]
[-9.5,0,1.886406861e-01,0.000000000e+00]
[-8.5,0,2.002878696e-01,0.000000000e+00]
[-7.5,0,2.144570512e-01,0.000000000e+00]
[-6.5,0,2.322317588e-01,0.000000000e+00]
[-5.5,0,2.554501785e-01,0.000000000e+00]
[-4.5,0,2.874319389e-01,0.000000000e+00]
[-3.5,0,3.345586589e-01,0.000000000e+00]
[-2.5,0,4.098361494e-01,0.000000000e+00]
[-1.5,0,5.411652192e-01,0.000000000e+00]
[-0.5,0,7.910171621e-01,0.000000000e+00]
[0.5,0,1.304166821e+00,0.000000000e+00]
[1.5,0,2.425334248e+00,0.000000000e+00]
[2.5,0,4.992826415e+00,0.000000000e+00]
[3.5,0,1.107906120e+01,0.000000000e+00]
[4.5,0,2.587379858e+01,0.000000000e+00]
[5.5,0,6.250659778e+01,0.000000000e+00]
[6.5,0,1.544670113e+02,0.000000000e+00]
[7.5,0,3.877474447e+02,0.000000000e+00]
[8.5,0,9.843685804e+02,0.000000000e+00]
[9.5,0,2.520188036e+03,0.000000000e+00]
[10.5,0,6.494600504e+03,0.000000000e+00]
[11.5,0,1.682457779e+04,0.000000000e+00]
[12.5,0,4.377186274e+04,0.000000000e+00]
[13.5,0,1.142869928e+05,0.000000000e+00]
[14.5,0,2.993044307e+05,0.000000000e+00]
[15.5,0,7.858841927e+05,0.000000000e+00]
[16.5,0,2.068162225e+06,0.000000000e+00]
[17.5,0,5.453440346e+06,0.000000000e+00]
[18.5,0,1.440511985e+07,0.000000000e+00]
[19.5,0,3.811012726e+07,0.000000000e+00]
[20.5,0,1.009650338e+08,0.000000000e+00]
[21.5,0,2.678236508e+08,0.000000000e+00]
[22.5,0,7.112509953e+08,0.000000000e+00]
[23.5,0,1.890812592e+09,0.000000000e+00]
[24.5,0,5.031379184e+09,0.000000000e+00]
[25.5,0,1.339999624e+10,0.000000000e+00]
[26.5,0,3.571671338e+10,0.000000000e+00]
[27.5,0,9.527106273e+10,0.000000000e+00]
[28.5,0,2.543019384e+11,0.000000000e+00]
[29.5,0,6.792292766e+11,0.000000000e+00]
[30.5,0,1.815274341e+12,0.000000000e+00]
[31.5,0,4.854116962e+12,0.000000000e+00]
[32.5,0,1.298688160e+13,0.000000000e+00]
[33.5,0,3.476259693e+13,0.000000000e+00]
[34.5,0,9.309353018e+13,0.000000000e+00]
[35.5,0,2.494107222e+14,0.000000000e+00]
[36.5,0,6.684800317e+14,0.000000000e+00]
[37.5,0,1.792378383e+15,0.000000000e+00]
[38.5,0,4.807617642e+15,0.000000000e+00]
[39.5,0,1.289973631e+16,0.000000000e+00]
[40.5,0,3.462380480e+16,0.000000000e+00]
[41.5,0,9.296184138e+16,0.000000000e+00]
[42.5,0,2.496686711e+17,0.000000000e+00]
[43.5,0,6.707283877e+17,0.000000000e+00]
[44.5,0,1.802382465e+18,0.000000000e+00]
[45.5,0,4.844618161e+18,0.000000000e+00]
[46.5,0,1.302505426e+19,0.000000000e+00]
[47.5,0,3.502694768e+19,0.000000000e+00]
[48.5,0,9.421574308e+19,0.000000000e+00]
[49.5,0,2.534772750e+20,0.000000000e+00]
[0,-49.5,5.760281159e-02,2.319058963e-02]
[0,-48.5,-1.052617919e-02,-1.280445529e-02]
[0,-47.5,-1.734614209e-02,-9.114976439e-02]
[0,-46.5,4.531757216e-02,-1.405312329e-01]
[0,-45.5,1.213074591e-01,-1.150319445e-01]
[0,-44.5,1.408861190e-01,-3.730552566e-02]
[0,-43.5,8.519164179e-02,2.095155569e-02]
[0,-42.5,4.897865805e-03,4.482516621e-03]
[0,-41.5,-2.525817212e-02,-7.382595275e-02]
[0,-40.5,2.465321752e-02,-1.433164354e-01]
[0,-39.5,1.108638682e-01,-1.398334989e-01]
[0,-38.5,1.547748042e-01,-6.551877117e-02]
[0,-37.5,1.151533620e-01,1.150222518e-02]
[0,-36.5,2.744920817e-02,1.876112424e-02]
[0,-35.5,-2.713752402e-02,-5.326019128e-02]
[0,-34.5,4.043382364e-03,-1.405537025e-01]
[0,-33.5,9.528834428e-02,-1.630946003e-01]
[0,-32.5,1.642058599e-01,-9.888502719e-02]
[0,-31.5,1.467623107e-01,-6.173044459e-03]
[0,-30.5,5.750379165e-02,2.834446048e-02]
[0,-29.5,-2.150704944e-02,-3.058696786e-02]
[0,-28.5,-1.498398665e-02,-1.322337995e-01]
[0,-27.5,7.514287554e-02,-1.842879873e-01]
[0,-26.5,1.688305660e-01,-1.375431949e-01]
[0,-25.5,1.798102919e-01,-3.339465308e-02]
[0,-24.5,9.592150981e-02,3.140146644e-02]
[0,-23.5,-6.622252571e-03,-7.045718555e-03]
[0,-22.5,-3.087231331e-02,-1.187115629e-01]
[0,-21.5,5.107071265e-02,-2.037669573e-01]
[0,-20.5,1.689036379e-01,-1.829221146e-01]
[0,-19.5,2.154164434e-01,-7.263735254e-02]
[0,-18.5,1.451684321e-01,2.563379030e-02]
[0,-17.5,2.026205228e-02,1.621087197e-02]
[0,-16.5,-4.212655689e-02,-1.007552730e-01]
[0,-15.5,2.337802543e-02,-2.240175302e-01]
[0,-14.5,1.658321118e-01,-2.403370850e-01]
[0,-13.5,2.584867498e-01,-1.302683129e-01]
[0,-12.5,2.129727296e-01,7.070161015e-03]
[0,-11.5,6.542937982e-02,3.861667167e-02]
[0,-10.5,-4.766542300e-02,-7.995047268e-02]
[0,-9.5,-9.593092360e-03,-2.549404032e-01]
[0,-8.5,1.646953988e-01,-3.304298655e-01]
[0,-7.5,3.293774945e-01,-2.294281741e-01]
[0,-6.5,3.307974472e-01,-3.600201781e-02]
[0,-5.5,1.517163122e-01,6.264638017e-02]
[0,-4.5,-5.198127386e-02,-6.438544133e-02]
[0,-3.5,-6.577859291e-02,-3.631228236e-01]
[0,-2.5,2.036686327e-01,-6.129549405e-01]
[0,-1.5,6.323564527e-01,-5.891010328e-01]
[0,-0.5,9.538322003e-01,-2.435533465e-01]
[0,0.5,9.538322003e-01,2.435533465e-01]
[0,1.5,6.323564527e-01,5.891010328e-01]
[0,2.5,2.036686327e-01,6.129549405e-01]
[0,3.5,-6.577859291e-02,3.631228236e-01]
[0,4.5,-5.198127386e-02,6.438544133e-02]
[0,5.5,1.517163122e-01,-6.264638017e-02]
[0,6.5,3.307974472e-01,3.600201781e-02]
[0,7.5,3.293774945e-01,2.294281741e-01]
[0,8.5,1.646953988e-01,3.304298655e-01]
[0,9.5,-9.593092360e-03,2.549404032e-01]
[0,10.5,-4.766542300e-02,7.995047268e-02]
[0,11.5,6.542937982e-02,-3.861667167e-02]
[0,12.5,2.129727296e-01,-7.070161015e-03]
[0,13.5,2.584867498e-01,1.302683129e-01]
[0,14.5,1.658321118e-01,2.403370850e-01]
[0,15.5,2.337802543e-02,2.240175302e-01]
[0,16.5,-4.212655689e-02,1.007552730e-01]
[0,17.5,2.026205228e-02,-1.621087197e-02]
[0,18.5,1.451684321e-01,-2.563379030e-02]
[0,19.5,2.154164434e-01,7.263735254e-02]
[0,20.5,1.689036379e-01,1.829221146e-01]
[0,21.5,5.107071265e-02,2.037669573e-01]
[0,22.5,-3.087231331e-02,1.187115629e-01]
[0,23.5,-6.622252571e-03,7.045718555e-03]
[0,24.5,9.592150981e-02,-3.140146644e-02]
[0,25.5,1.798102919e-01,3.339465308e-02]
[0,26.5,1.688305660e-01,1.375431949e-01]
[0,27.5,7.514287554e-02,1.842879873e-01]
[0,28.5,-1.498398665e-02,1.322337995e-01]
[0,29.5,-2.150704944e-02,3.058696786e-02]
[0,30.5,5.750379165e-02,-2.834446048e-02]
[0,31.5,1.467623107e-01,6.173044459e-03]
[0,32.5,1.642058599e-01,9.888502719e-02]
[0,33.5,9.528834428e-02,1.630946003e-01]
[0,34.5,4.043382364e-03,1.405537025e-01]
[0,35.5,-2.713752402e-02,5.326019128e-02]
[0,36.5,2.744920817e-02,-1.876112424e-02]
[0,37.5,1.151533620e-01,-1.150222518e-02]
[0,38.5,1.547748042e-01,6.551877117e-02]
[0,39.5,1.108638682e-01,1.398334989e-01]
[0,40.5,2.465321752e-02,1.433164354e-01]
[0,41.5,-2.525817212e-02,7.382595275e-02]
[0,42.5,4.897865805e-03,-4.482516621e-03]
[0,43.5,8.519164179e-02,-2.095155569e-02]
[0,44.5,1.408861190e-01,3.730552566e-02]
[0,45.5,1.213074591e-01,1.150319445e-01]
[0,46.5,4.531757216e-02,1.405312329e-01]
[0,47.5,-1.734614209e-02,9.114976439e-02]
[0,48.5,-1.052617919e-02,1.280445529e-02]
[0,49.5,5.760281159e-02,-2.319058963e-02]
