[-49.5,0,2.031956629e-01,0.000000000e+00]
[-48.5,0,2.050746316e-01,0.000000000e+00]
[-47.5,0,2.070083534e-01,0.000000000e+00]
[-46.5,0,2.089995746e-01,0.000000000e+00]
[-45.5,0,2.110512395e-01,0.000000000e+00]
[-44.5,0,2.131665098e-01,0.000000000e+00]
[-43.5,0,2.153487853e-01,0.000000000e+00]
[-42.5,0,2.176017278e-01,0.000000000e+00]
[-41.5,0,2.199292877e-01,0.000000000e+00]
[-40.5,0,2.223357343e-01,0.000000000e+00]
[-39.5,0,2.248256896e-01,0.000000000e+00]
[-38.5,0,2.274041668e-01,0.000000000e+00]
[-37.5,0,2.300766146e-01,0.000000000e+00]
[-36.5,0,2.328489669e-01,0.000000000e+00]
[-35.5,0,2.357277004e-01,0.000000000e+00]
[-34.5,0,2.387199004e-01,0.000000000e+00]
[-33.5,0,2.418333371e-01,0.000000000e+00]
[-32.5,0,2.450765530e-01,0.000000000e+00]
[-31.5,0,2.484589660e-01,0.000000000e+00]
[-30.5,0,2.519909880e-01,0.000000000e+00]
[-29.5,0,2.556841656e-01,0.000000000e+00]
[-28.5,0,2.595513450e-01,0.000000000e+00]
[-27.5,0,2.636068677e-01,0.000000000e+00]
[-26.5,0,2.678668030e-01,0.000000000e+00]
[-25.5,0,2.723492279e-01,0.000000000e+00]
[-24.5,0,2.770745635e-01,0.000000000e+00]
[-23.5,0,2.820659835e-01,0.000000000e+00]
[-22.5,0,2.873499145e-01,0.000000000e+00]
[-21.5,0,2.929566520e-01,0.000000000e+00]
[-20.5,0,2.989211263e-01,0.000000000e+00]
[-19.5,0,3.052838636e-01,0.000000000e+00]
[-18.5,0,3.120922038e-01,0.000000000e+00]
[-17.5,0,3.194018608e-01,0.000000000e+00]
[-16.5,0,3.272789465e-01,0.000000000e+00]
[-15.5,0,3.358026301e-01,0.000000000e+00]
[-14.5,0,3.450686860e-01,0.000000000e+00]
[-13.5,0,3.551943044e-01,0.000000000e+00]
[-12.5,0,3.663247368e-01,0.000000000e+00]
[-11.5,0,3.786426723e-01,0.000000000e+00]
[-10.5,0,3.923817846e-01,0.000000000e+00]
[-9.5,0,4.078468577e-01,0.000000000e+00]
[-8.5,0,4.254446620e-01,0.000000000e+00]
[-7.5,0,4.457331663e-01,0.000000000e+00]
[-6.5,0,4.695036561e-01,0.000000000e+00]
[-5.5,0,4.979256902e-01,0.000000000e+00]
[-4.5,0,5.328217717e-01,0.000000000e+00]
[-3.5,0,5.772381257e-01,0.000000000e+00]
[-2.5,0,6.367901833e-01,0.000000000e+00]
[-1.5,0,7.234789420e-01,0.000000000e+00]
[-0.5,0,8.704197514e-01,0.000000000e+00]
[0.5,0,1.246450480e+00,0.000000000e+00]
[1.5,0,9.358813101e-01,-1.282549830e+00]
[2.5,0,4.714944319e-01,-9.934588266e-01]
[3.5,0,3.188188035e-01,-8.396259542e-01]
[4.5,0,2.413000076e-01,-7.404804897e-01]
[5.5,0,1.942216482e-01,-6.697898042e-01]
[6.5,0,1.625549579e-01,-6.161170094e-01]
[7.5,0,1.397837414e-01,-5.735737210e-01]
[8.5,0,1.226164744e-01,-5.387786952e-01]
[9.5,0,1.092089830e-01,-5.096336249e-01]
[10.5,0,9.844699163e-02,-4.847582707e-01]
[11.5,0,8.961726663e-02,-4.632025663e-01]
[12.5,0,8.224197442e-02,-4.442882938e-01]
[13.5,0,7.598891677e-02,-4.275166101e-01]
[14.5,0,7.061995020e-02,-4.125113248e-01]
[15.5,0,6.595988629e-02,-3.989826660e-01]
[16.5,0,6.187697080e-02,-3.867033238e-01]
[17.5,0,5.827020450e-02,-3.754921418e-01]
[18.5,0,5.506086169e-02,-3.652027279e-01]
[19.5,0,5.218666950e-02,-3.557153212e-01]
[20.5,0,4.959772231e-02,-3.469308710e-01]
[21.5,0,4.725355615e-02,-3.387666481e-01]
[22.5,0,4.512101636e-02,-3.311529422e-01]
[23.5,0,4.317267818e-02,-3.240305410e-01]
[24.5,0,4.138565999e-02,-3.173487813e-01]
[25.5,0,3.974071986e-02,-3.110640247e-01]
[26.5,0,3.822155940e-02,-3.051384530e-01]
[27.5,0,3.681428161e-02,-2.995391066e-01]
[28.5,0,3.550696423e-02,-2.942371105e-01]
[29.5,0,3.428932100e-02,-2.892070457e-01]
[30.5,0,3.315243032e-02,-2.844264347e-01]
[31.5,0,3.208851616e-02,-2.798753181e-01]
[32.5,0,3.109076994e-02,-2.755359030e-01]
[33.5,0,3.015320455e-02,-2.713922699e-01]
[34.5,0,2.927053411e-02,-2.674301263e-01]
[35.5,0,2.843807422e-02,-2.636365990e-01]
[36.5,0,2.765165874e-02,-2.600000580e-01]
[37.5,0,2.690757007e-02,-2.565099660e-01]
[38.5,0,2.620248036e-02,-2.531567504e-01]
[39.5,0,2.553340172e-02,-2.499316919e-01]
[40.5,0,2.489764390e-02,-2.468268299e-01]
[41.5,0,2.429277814e-02,-2.438348790e-01]
[42.5,0,2.371660611e-02,-2.409491575e-01]
[43.5,0,2.316713326e-02,-2.381635244e-01]
[44.5,0,2.264254571e-02,-2.354723248e-01]
[45.5,0,2.214119026e-02,-2.328703408e-01]
[46.5,0,2.166155699e-02,-2.303527496e-01]
[47.5,0,2.120226404e-02,-2.279150858e-01]
[48.5,0,2.076204433e-02,-2.255532077e-01]
[49.5,0,2.033973389e-02,-2.232632681e-01]
[0,-49.5,1.577349541e-01,-1.376705993e-01]
[0,-48.5,1.593485202e-01,-1.388733986e-01]
[0,-47.5,1.610125930e-01,-1.401095368e-01]
[0,-46.5,1.627298615e-01,-1.413806036e-01]
[0,-45.5,1.645032193e-01,-1.426882978e-01]
[0,-44.5,1.663357851e-01,-1.440344365e-01]
[0,-43.5,1.682309259e-01,-1.454209665e-01]
[0,-42.5,1.701922825e-01,-1.468499759e-01]
[0,-41.5,1.722237993e-01,-1.483237082e-01]
[0,-40.5,1.743297572e-01,-1.498445768e-01]
[0,-39.5,1.765148119e-01,-1.514151825e-01]
[0,-38.5,1.787840366e-01,-1.530383323e-01]
[0,-37.5,1.811429716e-01,-1.547170609e-01]
[0,-36.5,1.835976813e-01,-1.564546550e-01]
[0,-35.5,1.861548191e-01,-1.582546813e-01]
[0,-34.5,1.888217034e-01,-1.601210168e-01]
[0,-33.5,1.916064055e-01,-1.620578853e-01]
[0,-32.5,1.945178516e-01,-1.640698978e-01]
[0,-31.5,1.975659434e-01,-1.661620988e-01]
[0,-30.5,2.007616990e-01,-1.683400203e-01]
[0,-29.5,2.041174200e-01,-1.706097436e-01]
[0,-28.5,2.076468898e-01,-1.729779706e-01]
[0,-27.5,2.113656117e-01,-1.754521069e-01]
[0,-26.5,2.152910939e-01,-1.780403589e-01]
[0,-25.5,2.194431954e-01,-1.807518464e-01]
[0,-24.5,2.238445472e-01,-1.835967359e-01]
[0,-23.5,2.285210694e-01,-1.865863967e-01]
[0,-22.5,2.335026115e-01,-1.897335856e-01]
[0,-21.5,2.388237513e-01,-1.930526661e-01]
[0,-20.5,2.445248005e-01,-1.965598681e-01]
[0,-19.5,2.506530859e-01,-2.002735980e-01]
[0,-18.5,2.572645958e-01,-2.042148076e-01]
[0,-17.5,2.644261244e-01,-2.084074329e-01]
[0,-16.5,2.722181006e-01,-2.128789137e-01]
[0,-15.5,2.807383735e-01,-2.176608033e-01]
[0,-14.5,2.901073629e-01,-2.227894684e-01]
[0,-13.5,3.004751906e-01,-2.283068615e-01]
[0,-12.5,3.120317597e-01,-2.342613029e-01]
[0,-11.5,3.250213256e-01,-2.407081076e-01]
[0,-10.5,3.397641143e-01,-2.477096675e-01]
[0,-9.5,3.566893644e-01,-2.553340793e-01]
[0,-8.5,3.763875871e-01,-2.636501963e-01]
[0,-7.5,3.996965874e-01,-2.727139830e-01]
[0,-6.5,4.278498134e-01,-2.825332053e-01]
[0,-5.5,4.627465395e-01,-2.929752500e-01]
[0,-4.5,5.074756829e-01,-3.035131109e-01]
[0,-3.5,5.673996338e-01,-3.124553468e-01]
[0,-2.5,6.524717330e-01,-3.142560672e-01]
[0,-1.5,7.809212115e-01,-2.882340466e-01]
[0,-0.5,9.559338370e-01,-1.512148808e-01]
[0,0.5,9.559338370e-01,1.512148808e-01]
[0,1.5,7.809212115e-01,2.882340466e-01]
[0,2.5,6.524717330e-01,3.142560672e-01]
[0,3.5,5.673996338e-01,3.124553468e-01]
[0,4.5,5.074756829e-01,3.035131109e-01]
[0,5.5,4.627465395e-01,2.929752500e-01]
[0,6.5,4.278498134e-01,2.825332053e-01]
[0,7.5,3.996965874e-01,2.727139830e-01]
[0,8.5,3.763875871e-01,2.636501963e-01]
[0,9.5,3.566893644e-01,2.553340793e-01]
[0,10.5,3.397641143e-01,2.477096675e-01]
[0,11.5,3.250213256e-01,2.407081076e-01]
[0,12.5,3.120317597e-01,2.342613029e-01]
[0,13.5,3.004751906e-01,2.283068615e-01]
[0,14.5,2.901073629e-01,2.227894684e-01]
[0,15.5,2.807383735e-01,2.176608033e-01]
[0,16.5,2.722181006e-01,2.128789137e-01]
[0,17.5,2.644261244e-01,2.084074329e-01]
[0,18.5,2.572645958e-01,2.042148076e-01]
[0,19.5,2.506530859e-01,2.002735980e-01]
[0,20.5,2.445248005e-01,1.965598681e-01]
[0,21.5,2.388237513e-01,1.930526661e-01]
[0,22.5,2.335026115e-01,1.897335856e-01]
[0,23.5,2.285210694e-01,1.865863967e-01]
[0,24.5,2.238445472e-01,1.835967359e-01]
[0,25.5,2.194431954e-01,1.807518464e-01]
[0,26.5,2.152910939e-01,1.780403589e-01]
[0,27.5,2.113656117e-01,1.754521069e-01]
[0,28.5,2.076468898e-01,1.729779706e-01]
[0,29.5,2.041174200e-01,1.706097436e-01]
[0,30.5,2.007616990e-01,1.683400203e-01]
[0,31.5,1.975659434e-01,1.661620988e-01]
[0,32.5,1.945178516e-01,1.640698978e-01]
[0,33.5,1.916064055e-01,1.620578853e-01]
[0,34.5,1.888217034e-01,1.601210168e-01]
[0,35.5,1.861548191e-01,1.582546813e-01]
[0,36.5,1.835976813e-01,1.564546550e-01]
[0,37.5,1.811429716e-01,1.547170609e-01]
[0,38.5,1.787840366e-01,1.530383323e-01]
[0,39.5,1.765148119e-01,1.514151825e-01]
[0,40.5,1.743297572e-01,1.498445768e-01]
[0,41.5,1.722237993e-01,1.483237082e-01]
[0,42.5,1.701922825e-01,1.468499759e-01]
[0,43.5,1.682309259e-01,1.454209665e-01]
[0,44.5,1.663357851e-01,1.440344365e-01]
[0,45.5,1.645032193e-01,1.426882978e-01]
[0,46.5,1.627298615e-01,1.413806036e-01]
[0,47.5,1.610125930e-01,1.401095368e-01]
[0,48.5,1.593485202e-01,1.388733986e-01]
[0,49.5,1.577349541e-01,1.376705993e-01]
