[-49.5,0,6.587193082e-02,0.000000000e+00]
[-48.5,0,2.072652403e-01,0.000000000e+00]
[-47.5,0,3.458252774e-01,0.000000000e+00]
[-46.5,0,4.785347599e-01,0.000000000e+00]
[-45.5,0,6.023400395e-01,0.000000000e+00]
[-44.5,0,7.142156718e-01,0.000000000e+00]
[-43.5,0,8.112349010e-01,0.000000000e+00]
[-42.5,0,8.906451847e-01,0.000000000e+00]
[-41.5,0,9.499476276e-01,0.000000000e+00]
[-40.5,0,9.869789216e-01,0.000000000e+00]
[-39.5,0,9.999941022e-01,0.000000000e+00]
[-38.5,0,9.877481302e-01,0.000000000e+00]
[-37.5,0,9.495740004e-01,0.000000000e+00]
[-36.5,0,8.854547737e-01,0.000000000e+00]
[-35.5,0,7.960866269e-01,0.000000000e+00]
[-34.5,0,6.829297398e-01,0.000000000e+00]
[-33.5,0,5.482435857e-01,0.000000000e+00]
[-32.5,0,3.951029930e-01,0.000000000e+00]
[-31.5,0,2.273912112e-01,0.000000000e+00]
[-30.5,0,4.976616429e-02,0.000000000e+00]
[-29.5,0,-1.324038551e-01,0.000000000e+00]
[-28.5,0,-3.131385891e-01,0.000000000e+00]
[-27.5,0,-4.859814571e-01,0.000000000e+00]
[-26.5,0,-6.441749672e-01,0.000000000e+00]
[-25.5,0,-7.808775330e-01,0.000000000e+00]
[-24.5,0,-8.894221238e-01,0.000000000e+00]
[-23.5,0,-9.636155612e-01,0.000000000e+00]
[-22.5,0,-9.980752051e-01,0.000000000e+00]
[-21.5,0,-9.885971450e-01,0.000000000e+00]
[-20.5,0,-9.325467384e-01,0.000000000e+00]
[-19.5,0,-8.292583059e-01,0.000000000e+00]
[-18.5,0,-6.804258803e-01,0.000000000e+00]
[-17.5,0,-4.904609666e-01,0.000000000e+00]
[-16.5,0,-2.667861502e-01,0.000000000e+00]
[-15.5,0,-2.002490148e-02,0.000000000e+00]
[-14.5,0,2.359621212e-01,0.000000000e+00]
[-13.5,0,4.842558211e-01,0.000000000e+00]
[-12.5,0,7.053479063e-01,0.000000000e+00]
[-11.5,0,8.779923050e-01,0.000000000e+00]
[-10.5,0,9.805493177e-01,0.000000000e+00]
[-9.5,0,9.929549763e-01,0.000000000e+00]
[-8.5,0,8.994734000e-01,0.000000000e+00]
[-7.5,0,6.924191116e-01,0.000000000e+00]
[-6.5,0,3.770698125e-01,0.000000000e+00]
[-5.5,0,-2.197145241e-02,0.000000000e+00]
[-4.5,0,-4.526618573e-01,0.000000000e+00]
[-3.5,0,-8.252990621e-01,0.000000000e+00]
[-2.5,0,-9.997860729e-01,0.000000000e+00]
[-1.5,0,-7.699057297e-01,0.000000000e+00]
[-0.5,0,1.559436948e-01,0.000000000e+00]
[0.5,0,2.178183557e+00,0.000000000e+00]
[1.5,0,5.834386410e+00,0.000000000e+00]
[2.5,0,1.183333607e+01,0.000000000e+00]
[3.5,0,2.109576772e+01,0.000000000e+00]
[4.5,0,3.480287403e+01,0.000000000e+00]
[5.5,0,5.445381443e+01,0.000000000e+00]
[6.5,0,8.193363380e+01,0.000000000e+00]
[7.5,0,1.195931869e+02,0.000000000e+00]
[8.5,0,1.703428771e+02,0.000000000e+00]
[9.5,0,2.377622548e+02,0.000000000e+00]
[10.5,0,3.262277858e+02,0.000000000e+00]
[11.5,0,4.410613969e+02,0.000000000e+00]
[12.5,0,5.887027296e+02,0.000000000e+00]
[13.5,0,7.769084061e+02,0.000000000e+00]
[14.5,0,1.014982011e+03,0.000000000e+00]
[15.5,0,1.314038946e+03,0.000000000e+00]
[16.5,0,1.687310824e+03,0.000000000e+00]
[17.5,0,2.150494595e+03,0.000000000e+00]
[18.5,0,2.722152265e+03,0.000000000e+00]
[19.5,0,3.424167677e+03,0.000000000e+00]
[20.5,0,4.282267642e+03,0.000000000e+00]
[21.5,0,5.326615494e+03,0.000000000e+00]
[22.5,0,6.592486073e+03,0.000000000e+00]
[23.5,0,8.121032157e+03,0.000000000e+00]
[24.5,0,9.960153465e+03,0.000000000e+00]
[25.5,0,1.216548058e+04,0.000000000e+00]
[26.5,0,1.480148750e+04,0.000000000e+00]
[27.5,0,1.794274801e+04,0.000000000e+00]
[28.5,0,2.167535266e+04,0.000000000e+00]
[29.5,0,2.609850497e+04,0.000000000e+00]
[30.5,0,3.132631747e+04,0.000000000e+00]
[31.5,0,3.748983018e+04,0.000000000e+00]
[32.5,0,4.473927681e+04,0.000000000e+00]
[33.5,0,5.324662612e+04,0.000000000e+00]
[34.5,0,6.320842916e+04,0.000000000e+00]
[35.5,0,7.484900581e+04,0.000000000e+00]
[36.5,0,8.842400779e+04,0.000000000e+00]
[37.5,0,1.042243987e+05,0.000000000e+00]
[38.5,0,1.225808959e+05,0.000000000e+00]
[39.5,0,1.438689233e+05,0.000000000e+00]
[40.5,0,1.685141297e+05,0.000000000e+00]
[41.5,0,1.969985301e+05,0.000000000e+00]
[42.5,0,2.298673379e+05,0.000000000e+00]
[43.5,0,2.677365565e+05,0.000000000e+00]
[44.5,0,3.113014093e+05,0.000000000e+00]
[45.5,0,3.613456949e+05,0.000000000e+00]
[46.5,0,4.187521584e+05,0.000000000e+00]
[47.5,0,4.845139835e+05,0.000000000e+00]
[48.5,0,5.597475159e+05,0.000000000e+00]
[49.5,0,6.457063410e+05,0.000000000e+00]
[0,-49.5,-9.063584859e+03,5.250977396e+03]
[0,-48.5,-8.629628166e+03,3.896061157e+03]
[0,-47.5,-8.110203674e+03,2.705796899e+03]
[0,-46.5,-7.527793206e+03,1.674453348e+03]
[0,-45.5,-6.902660647e+03,7.946244554e+02]
[0,-44.5,-6.252843555e+03,5.754761427e+01]
[0,-43.5,-5.594174617e+03,-5.465960188e+02]
[0,-42.5,-4.940329766e+03,-1.028400895e+03]
[0,-41.5,-4.302899832e+03,-1.398977555e+03]
[0,-40.5,-3.691482547e+03,-1.669715312e+03]
[0,-39.5,-3.113791796e+03,-1.852067885e+03]
[0,-38.5,-2.575781086e+03,-1.957362423e+03]
[0,-37.5,-2.081778267e+03,-1.996632059e+03]
[0,-36.5,-1.634628674e+03,-1.980471856e+03]
[0,-35.5,-1.235844008e+03,-1.918917757e+03]
[0,-34.5,-8.857543961e+02,-1.821347903e+03]
[0,-33.5,-5.836612739e+02,-1.696405473e+03]
[0,-32.5,-3.279888959e+02,-1.551942032e+03]
[0,-31.5,-1.164324845e+02,-1.394980161e+03]
[0,-30.5,5.389877519e+01,-1.231694058e+03]
[0,-29.5,1.863454736e+02,-1.067406627e+03]
[0,-28.5,2.845698196e+02,-9.066015175e+02]
[0,-27.5,3.524367414e+02,-7.529484893e+02]
[0,-26.5,3.939051896e+02,-6.093404220e+02]
[0,-25.5,4.129303720e+02,-4.779402831e+02]
[0,-24.5,4.133774489e+02,-3.602363449e+02]
[0,-23.5,3.989470121e+02,-2.571039673e+02]
[0,-22.5,3.731124867e+02,-1.688722949e+02]
[0,-21.5,3.390694077e+02,-9.539426818e+01]
[0,-20.5,2.996963561e+02,-3.611842144e+01]
[0,-19.5,2.575271804e+02,9.838979018e+00]
[0,-18.5,2.147339864e+02,4.362280285e+01]
[0,-17.5,1.731202462e+02,6.657016771e+01]
[0,-16.5,1.341232652e+02,8.014491295e+01]
[0,-15.5,9.882514568e+01,8.587642450e+01]
[0,-14.5,6.797130411e+01,8.530366510e+01]
[0,-13.5,4.199553396e+01,7.992512441e+01]
[0,-12.5,2.105055618e+01,7.115525988e+01]
[0,-11.5,5.042968673e+00,6.028785467e+01]
[0,-10.5,-6.328510142e+00,4.846657430e+01]
[0,-9.5,-1.353260708e+01,3.666286092e+01]
[0,-8.5,-1.716395641e+01,2.566116478e+01]
[0,-7.5,-1.790151357e+01,1.605137803e+01]
[0,-6.5,-1.646792949e+01,8.228208464e+00]
[0,-5.5,-1.359083462e+01,2.397110165e+00]
[0,-4.5,-9.966909834e+00,-1.413722590e+00]
[0,-3.5,-6.229537702e+00,-3.335892817e+00]
[0,-2.5,-2.920733694e+00,-3.638553879e+00]
[0,-1.5,-4.679544652e-01,-2.702139648e+00]
[0,-0.5,8.337300251e-01,-9.888977058e-01]
[0,0.5,8.337300251e-01,9.888977058e-01]
[0,1.5,-4.679544652e-01,2.702139648e+00]
[0,2.5,-2.920733694e+00,3.638553879e+00]
[0,3.5,-6.229537702e+00,3.335892817e+00]
[0,4.5,-9.966909834e+00,1.413722590e+00]
[0,5.5,-1.359083462e+01,-2.397110165e+00]
[0,6.5,-1.646792949e+01,-8.228208464e+00]
[0,7.5,-1.790151357e+01,-1.605137803e+01]
[0,8.5,-1.716395641e+01,-2.566116478e+01]
[0,9.5,-1.353260708e+01,-3.666286092e+01]
[0,10.5,-6.328510142e+00,-4.846657430e+01]
[0,11.5,5.042968673e+00,-6.028785467e+01]
[0,12.5,2.105055618e+01,-7.115525988e+01]
[0,13.5,4.199553396e+01,-7.992512441e+01]
[0,14.5,6.797130411e+01,-8.530366510e+01]
[0,15.5,9.882514568e+01,-8.587642450e+01]
[0,16.5,1.341232652e+02,-8.014491295e+01]
[0,17.5,1.731202462e+02,-6.657016771e+01]
[0,18.5,2.147339864e+02,-4.362280285e+01]
[0,19.5,2.575271804e+02,-9.838979018e+00]
[0,20.5,2.996963561e+02,3.611842144e+01]
[0,21.5,3.390694077e+02,9.539426818e+01]
[0,22.5,3.731124867e+02,1.688722949e+02]
[0,23.5,3.989470121e+02,2.571039673e+02]
[0,24.5,4.133774489e+02,3.602363449e+02]
[0,25.5,4.129303720e+02,4.779402831e+02]
[0,26.5,3.939051896e+02,6.093404220e+02]
[0,27.5,3.524367414e+02,7.529484893e+02]
[0,28.5,2.845698196e+02,9.066015175e+02]
[0,29.5,1.863454736e+02,1.067406627e+03]
[0,30.5,5.389877519e+01,1.231694058e+03]
[0,31.5,-1.164324845e+02,1.394980161e+03]
[0,32.5,-3.279888959e+02,1.551942032e+03]
[0,33.5,-5.836612739e+02,1.696405473e+03]
[0,34.5,-8.857543961e+02,1.821347903e+03]
[0,35.5,-1.235844008e+03,1.918917757e+03]
[0,36.5,-1.634628674e+03,1.980471856e+03]
[0,37.5,-2.081778267e+03,1.996632059e+03]
[0,38.5,-2.575781086e+03,1.957362423e+03]
[0,39.5,-3.113791796e+03,1.852067885e+03]
[0,40.5,-3.691482547e+03,1.669715312e+03]
[0,41.5,-4.302899832e+03,1.398977555e+03]
[0,42.5,-4.940329766e+03,1.028400895e+03]
[0,43.5,-5.594174617e+03,5.465960188e+02]
[0,44.5,-6.252843555e+03,-5.754761427e+01]
[0,45.5,-6.902660647e+03,-7.946244554e+02]
[0,46.5,-7.527793206e+03,-1.674453348e+03]
[0,47.5,-8.110203674e+03,-2.705796899e+03]
[0,48.5,-8.629628166e+03,-3.896061157e+03]
[0,49.5,-9.063584859e+03,-5.250977396e+03]
