[-49.5,0,-7.220701046e+00,1.172012932e+01]
[-48.5,0,-7.065126969e+00,1.159454441e+01]
[-47.5,0,-6.909380577e+00,1.146815070e+01]
[-46.5,0,-6.753461479e+00,1.134092488e+01]
[-45.5,0,-6.597369421e+00,1.121284244e+01]
[-44.5,0,-6.441104312e+00,1.108387759e+01]
[-43.5,0,-6.284666240e+00,1.095400322e+01]
[-42.5,0,-6.128055503e+00,1.082319074e+01]
[-41.5,0,-5.971272637e+00,1.069140997e+01]
[-40.5,0,-5.814318446e+00,1.055862906e+01]
[-39.5,0,-5.657194048e+00,1.042481429e+01]
[-38.5,0,-5.499900909e+00,1.028992998e+01]
[-37.5,0,-5.342440906e+00,1.015393827e+01]
[-36.5,0,-5.184816375e+00,1.001679893e+01]
[-35.5,0,-5.027030185e+00,9.878469209e+00]
[-34.5,0,-4.869085819e+00,9.738903519e+00]
[-33.5,0,-4.710987461e+00,9.598053221e+00]
[-32.5,0,-4.552740107e+00,9.455866310e+00]
[-31.5,0,-4.394349693e+00,9.312287076e+00]
[-30.5,0,-4.235823243e+00,9.167255725e+00]
[-29.5,0,-4.077169047e+00,9.020707938e+00]
[-28.5,0,-3.918396869e+00,8.872574380e+00]
[-27.5,0,-3.759518199e+00,8.722780128e+00]
[-26.5,0,-3.600546556e+00,8.571244012e+00]
[-25.5,0,-3.441497846e+00,8.417877861e+00]
[-24.5,0,-3.282390808e+00,8.262585618e+00]
[-23.5,0,-3.123247545e+00,8.105262312e+00]
[-22.5,0,-2.964094189e+00,7.945792850e+00]
[-21.5,0,-2.804961712e+00,7.784050584e+00]
[-20.5,0,-2.645886951e+00,7.619895615e+00]
[-19.5,0,-2.486913885e+00,7.453172762e+00]
[-18.5,0,-2.328095264e+00,7.283709102e+00]
[-17.5,0,-2.169494698e+00,7.111310994e+00]
[-16.5,0,-2.011189365e+00,6.935760423e+00]
[-15.5,0,-1.853273575e+00,6.756810468e+00]
[-14.5,0,-1.695863516e+00,6.574179650e+00]
[-13.5,0,-1.539103676e+00,6.387544770e+00]
[-12.5,0,-1.383175696e+00,6.196531757e+00]
[-11.5,0,-1.228310806e+00,6.000703786e+00]
[-10.5,0,-1.074807705e+00,5.799545666e+00]
[-9.5,0,-9.230589551e-01,5.592442979e+00]
[-8.5,0,-7.735911579e-01,5.378653790e+00]
[-7.5,0,-6.271283740e-01,5.157269684e+00]
[-6.5,0,-4.846967213e-01,4.927161445e+00]
[-5.5,0,-3.478064107e-01,4.686903184e+00]
[-4.5,0,-2.187907135e-01,4.434669560e+00]
[-3.5,0,-1.014951338e-01,4.168117073e+00]
[-2.5,0,-2.856254076e-03,3.884366687e+00]
[-1.5,0,6.280027053e-02,3.580924017e+00]
[-0.5,0,5.845481913e-02,3.265670174e+00]
[0.5,0,-3.786710431e-01,0.000000000e+00]
[1.5,0,1.250649863e-01,0.000000000e+00]
[2.5,0,1.667294668e+00,0.000000000e+00]
[3.5,0,2.588765079e+00,0.000000000e+00]
[4.5,0,3.313476163e+00,0.000000000e+00]
[5.5,0,3.936266887e+00,0.000000000e+00]
[6.5,0,4.495144692e+00,0.000000000e+00]
[7.5,0,5.009500143e+00,0.000000000e+00]
[8.5,0,5.490694676e+00,0.000000000e+00]
[9.5,0,5.946018250e+00,0.000000000e+00]
[10.5,0,6.380459820e+00,0.000000000e+00]
[11.5,0,6.797602195e+00,0.000000000e+00]
[12.5,0,7.200116466e+00,0.000000000e+00]
[13.5,0,7.590054467e+00,0.000000000e+00]
[14.5,0,7.969031345e+00,0.000000000e+00]
[15.5,0,8.338344648e+00,0.000000000e+00]
[16.5,0,8.699054874e+00,0.000000000e+00]
[17.5,0,9.052041653e+00,0.000000000e+00]
[18.5,0,9.398043966e+00,0.000000000e+00]
[19.5,0,9.737689602e+00,0.000000000e+00]
[20.5,0,1.007151717e+01,0.000000000e+00]
[21.5,0,1.039999280e+01,0.000000000e+00]
[22.5,0,1.072352310e+01,0.000000000e+00]
[23.5,0,1.104246521e+01,0.000000000e+00]
[24.5,0,1.135713486e+01,0.000000000e+00]
[25.5,0,1.166781276e+01,0.000000000e+00]
[26.5,0,1.197474981e+01,0.000000000e+00]
[27.5,0,1.227817135e+01,0.000000000e+00]
[28.5,0,1.257828063e+01,0.000000000e+00]
[29.5,0,1.287526180e+01,0.000000000e+00]
[30.5,0,1.316928226e+01,0.000000000e+00]
[31.5,0,1.346049476e+01,0.000000000e+00]
[32.5,0,1.374903911e+01,0.000000000e+00]
[33.5,0,1.403504370e+01,0.000000000e+00]
[34.5,0,1.431862673e+01,0.000000000e+00]
[35.5,0,1.459989735e+01,0.000000000e+00]
[36.5,0,1.487895657e+01,0.000000000e+00]
[37.5,0,1.515589809e+01,0.000000000e+00]
[38.5,0,1.543080905e+01,0.000000000e+00]
[39.5,0,1.570377062e+01,0.000000000e+00]
[40.5,0,1.597485860e+01,0.000000000e+00]
[41.5,0,1.624414388e+01,0.000000000e+00]
[42.5,0,1.651169286e+01,0.000000000e+00]
[43.5,0,1.677756789e+01,0.000000000e+00]
[44.5,0,1.704182755e+01,0.000000000e+00]
[45.5,0,1.730452703e+01,0.000000000e+00]
[46.5,0,1.756571833e+01,0.000000000e+00]
[47.5,0,1.782545057e+01,0.000000000e+00]
[48.5,0,1.808377016e+01,0.000000000e+00]
[49.5,0,1.834072107e+01,0.000000000e+00]
[0,-49.5,8.284073501e+00,-1.530223584e+01]
[0,-48.5,8.194891845e+00,-1.508128036e+01]
[0,-47.5,8.104892246e+00,-1.485947982e+01]
[0,-46.5,8.014046463e+00,-1.463681160e+01]
[0,-45.5,7.922324611e+00,-1.441325196e+01]
[0,-44.5,7.829695020e+00,-1.418877602e+01]
[0,-43.5,7.736124088e+00,-1.396335767e+01]
[0,-42.5,7.641576116e+00,-1.373696945e+01]
[0,-41.5,7.546013114e+00,-1.350958248e+01]
[0,-40.5,7.449394601e+00,-1.328116635e+01]
[0,-39.5,7.351677369e+00,-1.305168898e+01]
[0,-38.5,7.252815223e+00,-1.282111652e+01]
[0,-37.5,7.152758685e+00,-1.258941321e+01]
[0,-36.5,7.051454669e+00,-1.235654118e+01]
[0,-35.5,6.948846100e+00,-1.212246032e+01]
[0,-34.5,6.844871492e+00,-1.188712805e+01]
[0,-33.5,6.739464461e+00,-1.165049916e+01]
[0,-32.5,6.632553170e+00,-1.141252550e+01]
[0,-31.5,6.524059692e+00,-1.117315576e+01]
[0,-30.5,6.413899269e+00,-1.093233517e+01]
[0,-29.5,6.301979468e+00,-1.069000513e+01]
[0,-28.5,6.188199177e+00,-1.044610288e+01]
[0,-27.5,6.072447450e+00,-1.020056104e+01]
[0,-26.5,5.954602136e+00,-9.953307127e+00]
[0,-25.5,5.834528259e+00,-9.704263059e+00]
[0,-24.5,5.712076090e+00,-9.453344491e+00]
[0,-23.5,5.587078839e+00,-9.200460145e+00]
[0,-22.5,5.459349855e+00,-8.945511010e+00]
[0,-21.5,5.328679238e+00,-8.688389450e+00]
[0,-20.5,5.194829661e+00,-8.428978183e+00]
[0,-19.5,5.057531210e+00,-8.167149133e+00]
[0,-18.5,4.916474924e+00,-7.902762139e+00]
[0,-17.5,4.771304616e+00,-7.635663520e+00]
[0,-16.5,4.621606417e+00,-7.365684517e+00]
[0,-15.5,4.466895197e+00,-7.092639648e+00]
[0,-14.5,4.306596693e+00,-6.816325104e+00]
[0,-13.5,4.140023577e+00,-6.536517401e+00]
[0,-12.5,3.966342827e+00,-6.252972761e+00]
[0,-11.5,3.784530277e+00,-5.965428157e+00]
[0,-10.5,3.593305801e+00,-5.673605845e+00]
[0,-9.5,3.391038323e+00,-5.377225172e+00]
[0,-8.5,3.175602158e+00,-5.076029571e+00]
[0,-7.5,2.944151742e+00,-4.769846170e+00]
[0,-6.5,2.692753196e+00,-4.458718624e+00]
[0,-5.5,2.415752108e+00,-4.143215125e+00]
[0,-4.5,2.104630289e+00,-3.825193266e+00]
[0,-3.5,1.745842501e+00,-3.509902474e+00]
[0,-2.5,1.316820038e+00,-3.212646184e+00]
[0,-1.5,7.828236435e-01,-2.983937445e+00]
[0,-0.5,1.692156390e-01,-2.998856700e+00]
[0,0.5,1.692156390e-01,2.998856700e+00]
[0,1.5,7.828236435e-01,2.983937445e+00]
[0,2.5,1.316820038e+00,3.212646184e+00]
[0,3.5,1.745842501e+00,3.509902474e+00]
[0,4.5,2.104630289e+00,3.825193266e+00]
[0,5.5,2.415752108e+00,4.143215125e+00]
[0,6.5,2.692753196e+00,4.458718624e+00]
[0,7.5,2.944151742e+00,4.769846170e+00]
[0,8.5,3.175602158e+00,5.076029571e+00]
[0,9.5,3.391038323e+00,5.377225172e+00]
[0,10.5,3.593305801e+00,5.673605845e+00]
[0,11.5,3.784530277e+00,5.965428157e+00]
[0,12.5,3.966342827e+00,6.252972761e+00]
[0,13.5,4.140023577e+00,6.536517401e+00]
[0,14.5,4.306596693e+00,6.816325104e+00]
[0,15.5,4.466895197e+00,7.092639648e+00]
[0,16.5,4.621606417e+00,7.365684517e+00]
[0,17.5,4.771304616e+00,7.635663520e+00]
[0,18.5,4.916474924e+00,7.902762139e+00]
[0,19.5,5.057531210e+00,8.167149133e+00]
[0,20.5,5.194829661e+00,8.428978183e+00]
[0,21.5,5.328679238e+00,8.688389450e+00]
[0,22.5,5.459349855e+00,8.945511010e+00]
[0,23.5,5.587078839e+00,9.200460145e+00]
[0,24.5,5.712076090e+00,9.453344491e+00]
[0,25.5,5.834528259e+00,9.704263059e+00]
[0,26.5,5.954602136e+00,9.953307127e+00]
[0,27.5,6.072447450e+00,1.020056104e+01]
[0,28.5,6.188199177e+00,1.044610288e+01]
[0,29.5,6.301979468e+00,1.069000513e+01]
[0,30.5,6.413899269e+00,1.093233517e+01]
[0,31.5,6.524059692e+00,1.117315576e+01]
[0,32.5,6.632553170e+00,1.141252550e+01]
[0,33.5,6.739464461e+00,1.165049916e+01]
[0,34.5,6.844871492e+00,1.188712805e+01]
[0,35.5,6.948846100e+00,1.212246032e+01]
[0,36.5,7.051454669e+00,1.235654118e+01]
[0,37.5,7.152758685e+00,1.258941321e+01]
[0,38.5,7.252815223e+00,1.282111652e+01]
[0,39.5,7.351677369e+00,1.305168898e+01]
[0,40.5,7.449394601e+00,1.328116635e+01]
[0,41.5,7.546013114e+00,1.350958248e+01]
[0,42.5,7.641576116e+00,1.373696945e+01]
[0,43.5,7.736124088e+00,1.396335767e+01]
[0,44.5,7.829695020e+00,1.418877602e+01]
[0,45.5,7.922324611e+00,1.441325196e+01]
[0,46.5,8.014046463e+00,1.463681160e+01]
[0,47.5,8.104892246e+00,1.485947982e+01]
[0,48.5,8.194891845e+00,1.508128036e+01]
[0,49.5,8.284073501e+00,1.530223584e+01]
