[-49.5,0,-1.556523624e+00,0.000000000e+00]
[-48.5,0,-1.575197828e+00,0.000000000e+00]
[-47.5,0,-1.590522488e+00,0.000000000e+00]
[-46.5,0,-1.587964859e+00,0.000000000e+00]
[-45.5,0,-1.569150138e+00,0.000000000e+00]
[-44.5,0,-1.551039617e+00,0.000000000e+00]
[-43.5,0,-1.550695814e+00,0.000000000e+00]
[-42.5,0,-1.569268653e+00,0.000000000e+00]
[-41.5,0,-1.590175170e+00,0.000000000e+00]
[-40.5,0,-1.593837257e+00,0.000000000e+00]
[-39.5,0,-1.575941166e+00,0.000000000e+00]
[-38.5,0,-1.552258359e+00,0.000000000e+00]
[-37.5,0,-1.544833454e+00,0.000000000e+00]
[-36.5,0,-1.561557100e+00,0.000000000e+00]
[-35.5,0,-1.587966499e+00,0.000000000e+00]
[-34.5,0,-1.599637694e+00,0.000000000e+00]
[-33.5,0,-1.584656064e+00,0.000000000e+00]
[-32.5,0,-1.555599394e+00,0.000000000e+00]
[-31.5,0,-1.539141309e+00,0.000000000e+00]
[-30.5,0,-1.551716884e+00,0.000000000e+00]
[-29.5,0,-1.583312813e+00,0.000000000e+00]
[-28.5,0,-1.605184891e+00,0.000000000e+00]
[-27.5,0,-1.595807054e+00,0.000000000e+00]
[-26.5,0,-1.561806948e+00,0.000000000e+00]
[-25.5,0,-1.533759082e+00,0.000000000e+00]
[-24.5,0,-1.538964877e+00,0.000000000e+00]
[-23.5,0,-1.575209580e+00,0.000000000e+00]
[-22.5,0,-1.610411301e+00,0.000000000e+00]
[-21.5,0,-1.610629186e+00,0.000000000e+00]
[-20.5,0,-1.572319900e+00,0.000000000e+00]
[-19.5,0,-1.528625104e+00,0.000000000e+00]
[-18.5,0,-1.521282407e+00,0.000000000e+00]
[-17.5,0,-1.561462770e+00,0.000000000e+00]
[-16.5,0,-1.615626170e+00,0.000000000e+00]
[-15.5,0,-1.632580931e+00,0.000000000e+00]
[-14.5,0,-1.590722862e+00,0.000000000e+00]
[-13.5,0,-1.522905653e+00,0.000000000e+00]
[-12.5,0,-1.492337052e+00,0.000000000e+00]
[-11.5,0,-1.535712237e+00,0.000000000e+00]
[-10.5,0,-1.622940693e+00,0.000000000e+00]
[-9.5,0,-1.674463342e+00,0.000000000e+00]
[-8.5,0,-1.629597100e+00,0.000000000e+00]
[-7.5,0,-1.510681531e+00,0.000000000e+00]
[-6.5,0,-1.421794274e+00,0.000000000e+00]
[-5.5,0,-1.468724073e+00,0.000000000e+00]
[-4.5,0,-1.654140414e+00,0.000000000e+00]
[-3.5,0,-1.833125399e+00,0.000000000e+00]
[-2.5,0,-1.778520173e+00,0.000000000e+00]
[-1.5,0,-1.324683531e+00,0.000000000e+00]
[-0.5,0,-4.931074180e-01,0.000000000e+00]
[0.5,0,4.931074180e-01,0.000000000e+00]
[1.5,0,1.324683531e+00,0.000000000e+00]
[2.5,0,1.778520173e+00,0.000000000e+00]
[3.5,0,1.833125399e+00,0.000000000e+00]
[4.5,0,1.654140414e+00,0.000000000e+00]
[5.5,0,1.468724073e+00,0.000000000e+00]
[6.5,0,1.421794274e+00,0.000000000e+00]
[7.5,0,1.510681531e+00,0.000000000e+00]
[8.5,0,1.629597100e+00,0.000000000e+00]
[9.5,0,1.674463342e+00,0.000000000e+00]
[10.5,0,1.622940693e+00,0.000000000e+00]
[11.5,0,1.535712237e+00,0.000000000e+00]
[12.5,0,1.492337052e+00,0.000000000e+00]
[13.5,0,1.522905653e+00,0.000000000e+00]
[14.5,0,1.590722862e+00,0.000000000e+00]
[15.5,0,1.632580931e+00,0.000000000e+00]
[16.5,0,1.615626170e+00,0.000000000e+00]
[17.5,0,1.561462770e+00,0.000000000e+00]
[18.5,0,1.521282407e+00,0.000000000e+00]
[19.5,0,1.528625104e+00,0.000000000e+00]
[20.5,0,1.572319900e+00,0.000000000e+00]
[21.5,0,1.610629186e+00,0.000000000e+00]
[22.5,0,1.610411301e+00,0.000000000e+00]
[23.5,0,1.575209580e+00,0.000000000e+00]
[24.5,0,1.538964877e+00,0.000000000e+00]
[25.5,0,1.533759082e+00,0.000000000e+00]
[26.5,0,1.561806948e+00,0.000000000e+00]
[27.5,0,1.595807054e+00,0.000000000e+00]
[28.5,0,1.605184891e+00,0.000000000e+00]
[29.5,0,1.583312813e+00,0.000000000e+00]
[30.5,0,1.551716884e+00,0.000000000e+00]
[31.5,0,1.539141309e+00,0.000000000e+00]
[32.5,0,1.555599394e+00,0.000000000e+00]
[33.5,0,1.584656064e+00,0.000000000e+00]
[34.5,0,1.599637694e+00,0.000000000e+00]
[35.5,0,1.587966499e+00,0.000000000e+00]
[36.5,0,1.561557100e+00,0.000000000e+00]
[37.5,0,1.544833454e+00,0.000000000e+00]
[38.5,0,1.552258359e+00,0.000000000e+00]
[39.5,0,1.575941166e+00,0.000000000e+00]
[40.5,0,1.593837257e+00,0.000000000e+00]
[41.5,0,1.590175170e+00,0.000000000e+00]
[42.5,0,1.569268653e+00,0.000000000e+00]
[43.5,0,1.550695814e+00,0.000000000e+00]
[44.5,0,1.551039617e+00,0.000000000e+00]
[45.5,0,1.569150138e+00,0.000000000e+00]
[46.5,0,1.587964859e+00,0.000000000e+00]
[47.5,0,1.590522488e+00,0.000000000e+00]
[48.5,0,1.575197828e+00,0.000000000e+00]
[49.5,0,1.556523624e+00,0.000000000e+00]
[0,-49.5,0.000000000e+00,-3.243382044e+19]
[0,-48.5,0.000000000e+00,-1.218316620e+19]
[0,-47.5,0.000000000e+00,-4.578416733e+18]
[0,-46.5,0.000000000e+00,-1.721361105e+18]
[0,-45.5,0.000000000e+00,-6.474990754e+17]
[0,-44.5,0.000000000e+00,-2.436836686e+17]
[0,-43.5,0.000000000e+00,-9.175802926e+16]
[0,-42.5,0.000000000e+00,-3.457029830e+16]
[0,-41.5,0.000000000e+00,-1.303212985e+16]
[0,-40.5,0.000000000e+00,-4.915793268e+15]
[0,-39.5,0.000000000e+00,-1.855459440e+15]
[0,-38.5,0.000000000e+00,-7.008155903e+14]
[0,-37.5,0.000000000e+00,-2.648905585e+14]
[0,-36.5,0.000000000e+00,-1.001975223e+14]
[0,-35.5,0.000000000e+00,-3.793098388e+13]
[0,-34.5,0.000000000e+00,-1.437137678e+13]
[0,-33.5,0.000000000e+00,-5.449945874e+12]
[0,-32.5,0.000000000e+00,-2.068712191e+12]
[0,-31.5,0.000000000e+00,-7.860477962e+11]
[0,-30.5,0.000000000e+00,-2.989981356e+11]
[0,-29.5,0.000000000e+00,-1.138653032e+11]
[0,-28.5,0.000000000e+00,-4.341642388e+10]
[0,-27.5,0.000000000e+00,-1.657665182e+10]
[0,-26.5,0.000000000e+00,-6.338184227e+09]
[0,-25.5,0.000000000e+00,-2.427218339e+09]
[0,-24.5,0.000000000e+00,-9.310776569e+08]
[0,-23.5,0.000000000e+00,-3.578168504e+08]
[0,-22.5,0.000000000e+00,-1.377867001e+08]
[0,-21.5,0.000000000e+00,-5.317531688e+07]
[0,-20.5,0.000000000e+00,-2.057154521e+07]
[0,-19.5,0.000000000e+00,-7.979791986e+06]
[0,-18.5,0.000000000e+00,-3.104685777e+06]
[0,-17.5,0.000000000e+00,-1.212002688e+06]
[0,-16.5,0.000000000e+00,-4.749407019e+05]
[0,-15.5,0.000000000e+00,-1.869201266e+05]
[0,-14.5,0.000000000e+00,-7.393308610e+04]
[0,-13.5,0.000000000e+00,-2.941347954e+04]
[0,-12.5,0.000000000e+00,-1.178255879e+04]
[0,-11.5,0.000000000e+00,-4.759099881e+03]
[0,-10.5,0.000000000e+00,-1.941868734e+03]
[0,-9.5,0.000000000e+00,-8.025142069e+02]
[0,-8.5,0.000000000e+00,-3.371319116e+02]
[0,-7.5,0.000000000e+00,-1.446942320e+02]
[0,-6.5,0.000000000e+00,-6.387371183e+01]
[0,-5.5,0.000000000e+00,-2.923307759e+01]
[0,-4.5,0.000000000e+00,-1.396788505e+01]
[0,-3.5,0.000000000e+00,-6.966162068e+00]
[0,-2.5,0.000000000e+00,-3.549340406e+00]
[0,-1.5,0.000000000e+00,-1.700652516e+00]
[0,-0.5,0.000000000e+00,-5.069967498e-01]
[0,0.5,0.000000000e+00,5.069967498e-01]
[0,1.5,0.000000000e+00,1.700652516e+00]
[0,2.5,0.000000000e+00,3.549340406e+00]
[0,3.5,0.000000000e+00,6.966162068e+00]
[0,4.5,0.000000000e+00,1.396788505e+01]
[0,5.5,0.000000000e+00,2.923307759e+01]
[0,6.5,0.000000000e+00,6.387371183e+01]
[0,7.5,0.000000000e+00,1.446942320e+02]
[0,8.5,0.000000000e+00,3.371319116e+02]
[0,9.5,0.000000000e+00,8.025142069e+02]
[0,10.5,0.000000000e+00,1.941868734e+03]
[0,11.5,0.000000000e+00,4.759099881e+03]
[0,12.5,0.000000000e+00,1.178255879e+04]
[0,13.5,0.000000000e+00,2.941347954e+04]
[0,14.5,0.000000000e+00,7.393308610e+04]
[0,15.5,0.000000000e+00,1.869201266e+05]
[0,16.5,0.000000000e+00,4.749407019e+05]
[0,17.5,0.000000000e+00,1.212002688e+06]
[0,18.5,0.000000000e+00,3.104685777e+06]
[0,19.5,0.000000000e+00,7.979791986e+06]
[0,20.5,0.000000000e+00,2.057154521e+07]
[0,21.5,0.000000000e+00,5.317531688e+07]
[0,22.5,0.000000000e+00,1.377867001e+08]
[0,23.5,0.000000000e+00,3.578168504e+08]
[0,24.5,0.000000000e+00,9.310776569e+08]
[0,25.5,0.000000000e+00,2.427218339e+09]
[0,26.5,0.000000000e+00,6.338184227e+09]
[0,27.5,0.000000000e+00,1.657665182e+10]
[0,28.5,0.000000000e+00,4.341642388e+10]
[0,29.5,0.000000000e+00,1.138653032e+11]
[0,30.5,0.000000000e+00,2.989981356e+11]
[0,31.5,0.000000000e+00,7.860477962e+11]
[0,32.5,0.000000000e+00,2.068712191e+12]
[0,33.5,0.000000000e+00,5.449945874e+12]
[0,34.5,0.000000000e+00,1.437137678e+13]
[0,35.5,0.000000000e+00,3.793098388e+13]
[0,36.5,0.000000000e+00,1.001975223e+14]
[0,37.5,0.000000000e+00,2.648905585e+14]
[0,38.5,0.000000000e+00,7.008155903e+14]
[0,39.5,0.000000000e+00,1.855459440e+15]
[0,40.5,0.000000000e+00,4.915793268e+15]
[0,41.5,0.000000000e+00,1.303212985e+16]
[0,42.5,0.000000000e+00,3.457029830e+16]
[0,43.5,0.000000000e+00,9.175802926e+16]
[0,44.5,0.000000000e+00,2.436836686e+17]
[0,45.5,0.000000000e+00,6.474990754e+17]
[0,46.5,0.000000000e+00,1.721361105e+18]
[0,47.5,0.000000000e+00,4.578416733e+18]
[0,48.5,0.000000000e+00,1.218316620e+19]
[0,49.5,0.000000000e+00,3.243382044e+19]
